2 0.500610 0.507401 0.998780 0.491776
1 0.247866 0.326754 0.494512 0.129386
1 0.744817 0.331140 0.503049 0.133224
1 0.151220 0.444353 0.301220 0.117873
1 0.452744 0.446683 0.300610 0.117599
1 0.829573 0.448465 0.300610 0.118969
1 0.248476 0.552632 0.472561 0.107456
1 0.722866 0.555647 0.470122 0.109101
1 0.170122 0.650768 0.284146 0.099781
1 0.480183 0.650219 0.276220 0.097039
1 0.790549 0.653235 0.278659 0.097039
0 0.393902 0.357045 0.102439 0.035362
0 0.871646 0.360471 0.107927 0.040022
0 0.388720 0.575384 0.093293 0.029605
0 0.849085 0.579221 0.095732 0.031250
