17 0.362500 0.564063 0.506250 0.614062
15 0.332422 0.335938 0.086719 0.156250
15 0.429688 0.337891 0.106250 0.164844
15 0.548438 0.341797 0.123438 0.150781
15 0.167578 0.533203 0.110156 0.196094
15 0.272266 0.540234 0.114844 0.211719
15 0.434766 0.551562 0.217969 0.221875
15 0.219141 0.726562 0.191406 0.196875
15 0.367188 0.742578 0.109375 0.189844
15 0.483203 0.759375 0.125781 0.203125
16 0.491797 0.632031 0.050781 0.031250
16 0.276172 0.801172 0.044531 0.028906
16 0.350781 0.758594 0.043750 0.023438
16 0.462109 0.774609 0.049219 0.021094
16 0.325000 0.858984 0.043750 0.025781
