17 0.333594 0.641406 0.651563 0.656250
15 0.292578 0.380469 0.263281 0.125000
15 0.542188 0.382812 0.223438 0.121875
15 0.123047 0.541406 0.233594 0.185938
15 0.411719 0.560547 0.321875 0.200781
15 0.594531 0.524219 0.039062 0.137500
15 0.091406 0.684766 0.153125 0.147656
15 0.247656 0.705469 0.171875 0.170313
15 0.423828 0.726172 0.186719 0.171094
15 0.142187 0.829688 0.214062 0.160938
15 0.385937 0.867969 0.251563 0.179688
16 0.187891 0.587891 0.057031 0.041406
16 0.460547 0.617969 0.066406 0.048438
16 0.215625 0.864062 0.065625 0.043750
16 0.458594 0.919922 0.060937 0.046094
