17 0.442969 0.688281 0.635938 0.623437
15 0.319531 0.462891 0.273438 0.155469
15 0.546484 0.433984 0.203906 0.116406
15 0.291406 0.662891 0.323437 0.197656
15 0.608594 0.650781 0.304688 0.204687
15 0.266016 0.832422 0.217969 0.141406
15 0.460156 0.822656 0.196875 0.137500
15 0.660547 0.816016 0.192969 0.138281
15 0.326953 0.948828 0.288281 0.102344
15 0.604688 0.942187 0.271875 0.114062
16 0.391797 0.726562 0.067969 0.029687
16 0.702734 0.718359 0.063281 0.033594
16 0.420703 0.976562 0.055469 0.023438
16 0.685547 0.966016 0.057031 0.025781
