17 0.574609 0.687891 0.719531 0.586719
15 0.490234 0.518359 0.244531 0.172656
15 0.709766 0.489453 0.188281 0.149219
15 0.514844 0.718750 0.271875 0.226562
15 0.725781 0.682813 0.150000 0.176563
15 0.870313 0.650000 0.128125 0.157812
15 0.593750 0.860547 0.240625 0.185156
15 0.813672 0.801953 0.174219 0.097656
16 0.569922 0.543750 0.052344 0.034375
16 0.769922 0.514062 0.041406 0.031250
16 0.276562 0.529297 0.020313 0.032031
16 0.441016 0.773828 0.042969 0.060156
16 0.678906 0.873047 0.050000 0.044531
16 0.874609 0.806250 0.042969 0.037500
