15 0.379297 0.482422 0.108594 0.191406
15 0.476953 0.485938 0.102344 0.196875
15 0.605469 0.466016 0.170313 0.174219
15 0.340234 0.717187 0.166406 0.310937
15 0.462500 0.738281 0.140625 0.292187
15 0.650391 0.757422 0.272656 0.275781
16 0.708984 0.840234 0.069531 0.035156
16 0.641406 0.532813 0.050000 0.029687
17 0.520312 0.638672 0.542188 0.557031
17 0.836719 0.488281 0.320312 0.396875
15 0.089453 0.780859 0.163281 0.249219
15 0.076563 0.554688 0.142187 0.253125
15 0.069141 0.309766 0.113281 0.299219
