15 0.306250 0.619141 0.234375 0.214844
15 0.266797 0.828516 0.135156 0.230469
15 0.385547 0.815234 0.141406 0.211719
15 0.556250 0.819922 0.232813 0.219531
15 0.536328 0.578125 0.188281 0.196875
15 0.057422 0.815625 0.107031 0.210938
15 0.054297 0.621875 0.100781 0.215625
15 0.058594 0.421875 0.112500 0.221875
15 0.772656 0.701172 0.168750 0.089844
15 0.900391 0.702344 0.111719 0.089063
15 0.728125 0.632031 0.123438 0.090625
15 0.866406 0.636719 0.162500 0.067187
15 0.755078 0.560547 0.203906 0.088281
15 0.898047 0.564063 0.111719 0.073438
15 0.725781 0.499609 0.128125 0.082031
15 0.863281 0.498047 0.193750 0.086719
15 0.762500 0.437109 0.201563 0.075781
15 0.905469 0.429688 0.096875 0.078125
16 0.364844 0.692187 0.068750 0.039062
16 0.581641 0.641797 0.064844 0.033594
16 0.604297 0.891406 0.074219 0.046875
17 0.443750 0.711328 0.485938 0.530469
17 0.808984 0.569922 0.338281 0.389844
17 0.076563 0.622266 0.129688 0.680469
