17 0.575000 0.685156 0.712500 0.575000
15 0.487891 0.514453 0.246094 0.158594
15 0.710938 0.492188 0.190625 0.143750
15 0.516406 0.715625 0.279687 0.235937
15 0.730078 0.685547 0.142969 0.178906
15 0.866406 0.649609 0.112500 0.160156
15 0.597266 0.862500 0.246094 0.201563
15 0.819531 0.792969 0.190625 0.179688
16 0.570312 0.543359 0.051562 0.038281
16 0.771094 0.515625 0.043750 0.032813
16 0.441406 0.776953 0.043750 0.060156
16 0.678516 0.871875 0.050781 0.045312
16 0.875000 0.805859 0.043750 0.036719
