17 0.524609 0.656250 0.507031 0.628125
15 0.373047 0.424219 0.110156 0.170313
15 0.476953 0.418750 0.103906 0.164062
15 0.608984 0.408203 0.164844 0.155469
15 0.347266 0.668750 0.142969 0.256250
15 0.482031 0.666797 0.129688 0.252344
15 0.664453 0.672656 0.246094 0.223438
15 0.431641 0.523828 0.188281 0.024219
15 0.625391 0.510156 0.182031 0.018750
15 0.641016 0.535937 0.211719 0.023438
15 0.422656 0.890234 0.235937 0.177344
15 0.599219 0.883984 0.121875 0.182031
15 0.720313 0.883203 0.114062 0.178906
16 0.736328 0.758203 0.053906 0.022656
16 0.580859 0.898047 0.052344 0.022656
16 0.705078 0.890625 0.042969 0.015625
16 0.491016 0.948438 0.052344 0.025000
