17 0.403516 0.634375 0.797656 0.721875
15 0.287109 0.389453 0.405469 0.210156
15 0.549609 0.383594 0.111719 0.176563
15 0.055078 0.630469 0.097656 0.234375
15 0.360938 0.680859 0.509375 0.317969
15 0.669922 0.581250 0.107031 0.214062
15 0.760547 0.541406 0.075781 0.167187
15 0.312500 0.878906 0.490625 0.242188
15 0.617188 0.785156 0.129688 0.225000
15 0.732422 0.709375 0.116406 0.192188
15 0.757031 0.833984 0.078125 0.174219
15 0.668359 0.897266 0.103906 0.178906
16 0.290234 0.447266 0.071094 0.055469
16 0.569922 0.670703 0.058594 0.066406
16 0.769141 0.723437 0.024219 0.045312
16 0.035156 0.866016 0.046875 0.063281
