17 0.516797 0.600391 0.727344 0.588281
15 0.302734 0.332031 0.188281 0.048438
15 0.480469 0.328516 0.162500 0.049219
15 0.649219 0.326172 0.193750 0.047656
15 0.342969 0.455078 0.320312 0.189844
15 0.660547 0.451172 0.303906 0.191406
15 0.280859 0.674609 0.247656 0.241406
15 0.521484 0.666797 0.225781 0.236719
15 0.749219 0.659766 0.225000 0.236719
15 0.358203 0.842578 0.313281 0.103906
15 0.667578 0.831641 0.297656 0.100781
16 0.449609 0.517578 0.064844 0.032031
16 0.753516 0.512891 0.067969 0.030469
16 0.462891 0.867188 0.063281 0.021875
16 0.753125 0.864062 0.065625 0.020313
