15 0.292969 0.618359 0.256250 0.261719
15 0.234766 0.844531 0.160156 0.225000
15 0.369922 0.843359 0.132031 0.233594
15 0.548047 0.841797 0.239844 0.316406
15 0.525000 0.564844 0.203125 0.220312
16 0.355078 0.710547 0.074219 0.039844
16 0.564063 0.635938 0.056250 0.028125
16 0.607422 0.911328 0.067969 0.033594
15 0.727344 0.669141 0.160938 0.088281
15 0.841797 0.665625 0.080469 0.089063
15 0.697656 0.604297 0.079687 0.075781
15 0.819141 0.600781 0.174219 0.081250
15 0.725781 0.534766 0.196875 0.094531
15 0.861719 0.535547 0.117188 0.094531
15 0.701172 0.477344 0.144531 0.103125
15 0.839063 0.475391 0.196875 0.091406
15 0.738672 0.400000 0.207031 0.109375
15 0.873828 0.400000 0.114844 0.096875
17 0.403125 0.691406 0.542188 0.575000
17 0.775000 0.538281 0.342187 0.412500
