17 0.368750 0.562891 0.503125 0.611719
15 0.303516 0.343359 0.100781 0.166406
15 0.400391 0.339453 0.096094 0.163281
15 0.533984 0.339062 0.166406 0.156250
15 0.183594 0.537891 0.125000 0.222656
15 0.304688 0.540234 0.129688 0.241406
15 0.482812 0.556250 0.231250 0.215625
15 0.243359 0.751172 0.214844 0.194531
15 0.409375 0.756641 0.123438 0.202344
15 0.536719 0.764453 0.123438 0.203906
16 0.544922 0.632031 0.055469 0.031250
16 0.305469 0.819531 0.054688 0.028125
16 0.392578 0.769922 0.049219 0.022656
16 0.510547 0.778906 0.055469 0.023438
16 0.359766 0.877344 0.038281 0.018750
