15 0.214453 0.733594 0.191406 0.301563
15 0.333203 0.732422 0.144531 0.313281
15 0.499609 0.758984 0.263281 0.275781
15 0.311719 0.473438 0.125000 0.196875
15 0.410156 0.476562 0.134375 0.195312
15 0.556250 0.462891 0.182812 0.185156
15 0.859375 0.558984 0.185938 0.249219
15 0.851172 0.790234 0.210156 0.255469
15 0.950391 0.867969 0.099219 0.264062
15 0.844922 0.332813 0.230469 0.092188
15 0.792188 0.406641 0.137500 0.092969
17 0.391406 0.649219 0.560937 0.560937
16 0.594141 0.523828 0.053906 0.035156
16 0.551953 0.855859 0.071094 0.046094
15 0.162109 0.322266 0.086719 0.194531
