17 0.414062 0.607812 0.546875 0.548438
15 0.329688 0.408984 0.151562 0.107031
15 0.514844 0.414453 0.215625 0.139844
15 0.636719 0.401172 0.028125 0.111719
15 0.659766 0.399609 0.024219 0.108594
15 0.243359 0.546875 0.208594 0.126562
15 0.463672 0.554688 0.222656 0.131250
15 0.221484 0.663281 0.136719 0.117188
15 0.357812 0.674219 0.142187 0.126562
15 0.510547 0.686328 0.169531 0.135156
15 0.269922 0.780859 0.185156 0.124219
15 0.478125 0.804688 0.214062 0.132812
15 0.595703 0.546094 0.039844 0.134375
15 0.628125 0.525781 0.021875 0.103125
15 0.603125 0.678125 0.037500 0.115625
16 0.303125 0.580859 0.045312 0.027344
16 0.533984 0.592969 0.053906 0.034375
16 0.331250 0.810156 0.048438 0.028125
16 0.543750 0.843359 0.051562 0.035156
