17 0.479297 0.570703 0.527344 0.617969
15 0.344141 0.346484 0.102344 0.169531
15 0.443359 0.346094 0.100781 0.164062
15 0.574219 0.344531 0.160938 0.156250
15 0.294922 0.552734 0.146094 0.236719
15 0.430469 0.554688 0.135937 0.235937
15 0.620703 0.550781 0.247656 0.231250
15 0.361328 0.780469 0.241406 0.209375
15 0.545312 0.774219 0.128125 0.204687
15 0.671875 0.773828 0.125000 0.205469
16 0.689063 0.634766 0.057813 0.028906
16 0.432031 0.848828 0.051562 0.022656
16 0.530469 0.789062 0.053125 0.018750
16 0.656641 0.789062 0.050781 0.020313
