17 0.603516 0.650391 0.580469 0.586719
15 0.439453 0.420312 0.241406 0.126562
15 0.620313 0.411328 0.123438 0.108594
15 0.510547 0.575781 0.288281 0.159375
15 0.771875 0.560937 0.237500 0.156250
15 0.498828 0.733984 0.171094 0.158594
15 0.669141 0.709375 0.150781 0.150000
15 0.811719 0.691016 0.135937 0.141406
15 0.525781 0.860547 0.275000 0.164844
15 0.765234 0.817969 0.216406 0.142187
16 0.612500 0.613672 0.051562 0.035156
16 0.850391 0.595703 0.044531 0.032031
16 0.617969 0.879297 0.056250 0.032031
16 0.832422 0.839844 0.049219 0.028125
