15 0.462109 0.628125 0.230469 0.215625
15 0.616406 0.599219 0.164062 0.189062
15 0.407031 0.830859 0.135937 0.200781
15 0.530859 0.826953 0.121094 0.213281
15 0.682422 0.808594 0.205469 0.221875
15 0.166406 0.847266 0.135937 0.213281
15 0.056641 0.862109 0.105469 0.238281
15 0.122656 0.638281 0.234375 0.228125
15 0.171094 0.432812 0.150000 0.232813
15 0.052344 0.438672 0.100000 0.255469
16 0.521484 0.705469 0.061719 0.032813
16 0.730078 0.877734 0.061719 0.035156
16 0.176172 0.716797 0.061719 0.038281
16 0.650781 0.651172 0.051562 0.030469
17 0.570703 0.728125 0.450781 0.468750
17 0.781250 0.586719 0.337500 0.350000
17 0.128906 0.632422 0.254688 0.688281
