15 0.658594 0.798828 0.289062 0.322656
15 0.496094 0.745703 0.167187 0.294531
15 0.400391 0.723047 0.185156 0.310156
15 0.536328 0.487500 0.102344 0.204687
15 0.644141 0.492969 0.138281 0.212500
15 0.804688 0.493750 0.207813 0.196875
15 0.196094 0.703516 0.137500 0.189844
15 0.117969 0.687109 0.109375 0.221094
15 0.162109 0.520703 0.200781 0.221094
15 0.156641 0.330469 0.133594 0.223438
15 0.079297 0.328516 0.113281 0.211719
15 0.056641 0.506641 0.096094 0.197656
16 0.834375 0.559766 0.065625 0.033594
16 0.678516 0.908984 0.077344 0.053906
16 0.070703 0.721875 0.042969 0.029687
16 0.182031 0.586719 0.046875 0.032813
16 0.024609 0.394922 0.036719 0.041406
17 0.609375 0.646484 0.623437 0.614844
17 0.144141 0.517578 0.271094 0.647656
