17 0.471875 0.625000 0.504687 0.515625
15 0.369141 0.425781 0.211719 0.109375
15 0.562891 0.428125 0.177344 0.109375
15 0.347656 0.556250 0.254688 0.151562
15 0.607031 0.553125 0.250000 0.143750
15 0.314453 0.699609 0.178906 0.128906
15 0.488672 0.699609 0.161719 0.125781
15 0.650391 0.693750 0.161719 0.129688
15 0.364453 0.825781 0.242969 0.112500
15 0.604688 0.823438 0.235937 0.112500
16 0.428125 0.600391 0.053125 0.028906
16 0.686719 0.599219 0.059375 0.029687
16 0.441797 0.855469 0.052344 0.031250
16 0.678516 0.853516 0.055469 0.032031
