17 0.442969 0.685156 0.637500 0.628125
15 0.312891 0.455859 0.260156 0.164844
15 0.549219 0.434766 0.203125 0.125781
15 0.310547 0.662500 0.274219 0.196875
15 0.603516 0.651172 0.297656 0.196094
15 0.260547 0.833594 0.219531 0.137500
15 0.467969 0.821875 0.193750 0.132812
15 0.657813 0.814844 0.187500 0.129688
15 0.327344 0.950391 0.278125 0.099219
15 0.603516 0.940625 0.267969 0.110937
16 0.394141 0.726953 0.075781 0.033594
16 0.705469 0.718359 0.068750 0.035156
16 0.421484 0.975781 0.055469 0.029687
16 0.682031 0.967187 0.060937 0.029687
