17 0.601562 0.510547 0.562500 0.705469
15 0.416016 0.241797 0.058594 0.113281
15 0.577734 0.228906 0.269531 0.134375
15 0.447656 0.375781 0.254688 0.148438
15 0.659766 0.373828 0.157031 0.150781
15 0.806641 0.365234 0.133594 0.139844
15 0.493359 0.523047 0.316406 0.160156
15 0.760547 0.498828 0.196094 0.127344
15 0.464453 0.642969 0.233594 0.173437
15 0.657031 0.636328 0.150000 0.117969
15 0.792969 0.617578 0.115625 0.110156
15 0.545312 0.766406 0.218750 0.123438
15 0.751563 0.735547 0.190625 0.105469
16 0.675391 0.271094 0.044531 0.035937
16 0.606250 0.550391 0.054688 0.033594
16 0.826172 0.530078 0.042969 0.027344
16 0.611328 0.793359 0.053906 0.030469
16 0.808594 0.754687 0.039062 0.026562
