15 0.160156 0.562109 0.270313 0.242969
15 0.106641 0.764062 0.139844 0.220312
15 0.216797 0.776563 0.138281 0.232813
15 0.398828 0.783594 0.253906 0.254688
15 0.430078 0.531641 0.211719 0.194531
15 0.742188 0.671484 0.164062 0.100781
15 0.880469 0.682031 0.096875 0.101562
15 0.705469 0.597266 0.103125 0.080469
15 0.847266 0.598828 0.197656 0.094531
15 0.752344 0.533594 0.193750 0.084375
15 0.887500 0.530078 0.117188 0.088281
15 0.713281 0.458203 0.114062 0.080469
15 0.860547 0.460938 0.203906 0.090625
15 0.747266 0.389062 0.214844 0.085938
15 0.898828 0.380859 0.107031 0.089844
16 0.197656 0.646875 0.057813 0.035937
16 0.439453 0.866016 0.061719 0.041406
16 0.476172 0.600781 0.060156 0.032813
17 0.322266 0.655469 0.530469 0.578125
17 0.809375 0.542188 0.339062 0.450000
