17 0.455469 0.610938 0.901563 0.775000
15 0.444531 0.344922 0.414062 0.230469
15 0.123438 0.608203 0.245312 0.241406
15 0.387500 0.614062 0.331250 0.243750
15 0.713281 0.626172 0.331250 0.255469
15 0.203516 0.815234 0.397656 0.188281
15 0.632422 0.837891 0.441406 0.192969
15 0.158984 0.950000 0.255469 0.100000
15 0.419141 0.956641 0.264844 0.078906
15 0.694531 0.968750 0.289062 0.062500
16 0.578516 0.407813 0.091406 0.051562
16 0.325781 0.869531 0.090625 0.048438
16 0.762891 0.908594 0.103906 0.053125
