17 0.503125 0.620313 0.526563 0.523438
15 0.388281 0.414062 0.207813 0.109375
15 0.665234 0.420703 0.196094 0.141406
15 0.372266 0.546875 0.252344 0.156250
15 0.629687 0.548828 0.251563 0.146094
15 0.337500 0.692187 0.176563 0.128125
15 0.506250 0.688281 0.162500 0.118750
15 0.669141 0.687109 0.164844 0.124219
15 0.385156 0.813672 0.237500 0.114844
15 0.625000 0.813672 0.229687 0.119531
16 0.451562 0.591797 0.053125 0.028906
16 0.710938 0.595313 0.057813 0.032813
16 0.461719 0.843750 0.056250 0.031250
16 0.697656 0.842969 0.051562 0.028125
16 0.508984 0.900391 0.047656 0.017969
