17 0.393750 0.630859 0.521875 0.544531
15 0.350391 0.413672 0.236719 0.116406
15 0.562500 0.414453 0.182812 0.110156
15 0.257031 0.551953 0.242188 0.163281
15 0.511719 0.557422 0.265625 0.175781
15 0.218359 0.683984 0.158594 0.127344
15 0.381641 0.695312 0.163281 0.132812
15 0.552734 0.709766 0.183594 0.139844
15 0.272266 0.813281 0.219531 0.134375
15 0.504687 0.835156 0.239063 0.142187
16 0.323437 0.594922 0.057813 0.030469
16 0.583984 0.612109 0.058594 0.036719
16 0.339062 0.844531 0.051562 0.031250
16 0.575391 0.870313 0.057031 0.026562
