17 0.602344 0.655859 0.584375 0.592969
15 0.437500 0.421484 0.240625 0.130469
15 0.617969 0.413281 0.123438 0.106250
15 0.501953 0.577734 0.308594 0.183594
15 0.782813 0.564844 0.212500 0.134375
15 0.496875 0.728906 0.179688 0.146875
15 0.671484 0.712109 0.149219 0.127344
15 0.816797 0.691406 0.135156 0.121875
15 0.539844 0.861328 0.240625 0.158594
15 0.765234 0.817969 0.207031 0.137500
16 0.614844 0.614062 0.056250 0.039062
16 0.851172 0.594141 0.052344 0.035156
16 0.617188 0.877734 0.054688 0.035156
16 0.832812 0.841406 0.046875 0.031250
