17 0.639062 0.581250 0.601562 0.642188
15 0.413672 0.348828 0.142969 0.177344
15 0.530469 0.347656 0.090625 0.175000
15 0.632812 0.350781 0.112500 0.151562
15 0.384375 0.515234 0.070312 0.172656
15 0.396484 0.675000 0.057031 0.156250
15 0.426953 0.702344 0.032031 0.160938
15 0.457813 0.730078 0.031250 0.174219
15 0.608984 0.785156 0.252344 0.209375
15 0.783594 0.755469 0.092188 0.190625
15 0.877344 0.735547 0.078125 0.178906
15 0.536719 0.564844 0.193750 0.229687
15 0.691797 0.560156 0.121094 0.206250
15 0.842187 0.537109 0.179688 0.199219
16 0.496875 0.643750 0.029687 0.043750
16 0.893750 0.608203 0.045312 0.030469
16 0.772656 0.764844 0.039062 0.017188
16 0.864062 0.745703 0.043750 0.016406
16 0.691016 0.833594 0.046094 0.028125
16 0.733594 0.880469 0.039062 0.021875
16 0.503516 0.787109 0.028906 0.028906
16 0.459766 0.747266 0.027344 0.028906
