17 0.592187 0.613281 0.526563 0.556250
15 0.443750 0.409766 0.217188 0.119531
15 0.739844 0.404297 0.240625 0.146094
15 0.484766 0.549609 0.263281 0.164844
15 0.737891 0.540625 0.230469 0.129688
15 0.460156 0.689063 0.179688 0.134375
15 0.626563 0.675391 0.165625 0.138281
15 0.779687 0.658594 0.159375 0.123438
15 0.508984 0.808594 0.249219 0.135937
15 0.739844 0.783594 0.220312 0.123438
16 0.567969 0.587891 0.057813 0.030469
16 0.813672 0.571875 0.052344 0.032813
16 0.591406 0.832422 0.059375 0.033594
16 0.808594 0.803906 0.048438 0.026562
