17 0.510938 0.609375 0.500000 0.540625
15 0.371875 0.398438 0.210938 0.120313
15 0.550391 0.394531 0.147656 0.104688
15 0.391797 0.535937 0.247656 0.156250
15 0.635156 0.523047 0.245312 0.149219
15 0.355469 0.677734 0.178125 0.133594
15 0.526563 0.668750 0.157812 0.137500
15 0.683594 0.656641 0.146875 0.124219
15 0.401562 0.800391 0.242188 0.136719
15 0.635156 0.783203 0.223438 0.136719
16 0.474219 0.576953 0.056250 0.028906
16 0.713281 0.567578 0.048438 0.028906
16 0.480078 0.821094 0.052344 0.026562
16 0.699609 0.803906 0.046094 0.026562
