17 0.342187 0.528516 0.642188 0.757031
15 0.362891 0.223047 0.302344 0.149219
15 0.530859 0.232813 0.033594 0.118750
15 0.091797 0.370703 0.164844 0.146094
15 0.266797 0.376953 0.174219 0.161719
15 0.472266 0.379297 0.242969 0.166406
15 0.153906 0.526172 0.220312 0.136719
15 0.433203 0.540234 0.303906 0.152344
15 0.136328 0.650391 0.144531 0.130469
15 0.293359 0.665234 0.147656 0.141406
15 0.475000 0.682422 0.203125 0.152344
15 0.191016 0.778906 0.203906 0.137500
15 0.416016 0.810156 0.236719 0.150000
16 0.414062 0.264844 0.057813 0.031250
16 0.230859 0.566016 0.058594 0.038281
16 0.492188 0.587891 0.064062 0.036719
16 0.260156 0.819531 0.051562 0.029687
16 0.489063 0.863672 0.056250 0.036719
