15 0.376953 0.738672 0.158594 0.278906
15 0.391406 0.589453 0.225000 0.052344
15 0.508594 0.733203 0.167187 0.286719
15 0.685937 0.733203 0.273438 0.241406
15 0.337109 0.474219 0.124219 0.195312
15 0.440625 0.466016 0.117188 0.203906
15 0.550781 0.452734 0.160938 0.175781
15 0.092188 0.810937 0.181250 0.246875
15 0.082812 0.562891 0.164062 0.277344
15 0.081641 0.283203 0.160156 0.317969
15 0.737500 0.331641 0.209375 0.082031
15 0.704688 0.404687 0.118750 0.076563
15 0.730469 0.470703 0.195312 0.082031
15 0.868359 0.330859 0.096094 0.088281
15 0.886328 0.523828 0.114844 0.203906
15 0.889844 0.714453 0.201563 0.199219
16 0.325781 0.494531 0.042188 0.026562
16 0.422656 0.489844 0.051562 0.028125
16 0.581641 0.511328 0.069531 0.030469
16 0.732812 0.806250 0.067187 0.042188
17 0.517969 0.625000 0.551562 0.571875
