17 0.452734 0.664844 0.553906 0.478125
15 0.244141 0.585547 0.141406 0.150781
15 0.378906 0.617188 0.134375 0.156250
15 0.463281 0.476172 0.167187 0.053906
15 0.541406 0.450000 0.167187 0.037500
15 0.637891 0.566016 0.186719 0.183594
15 0.693750 0.464453 0.101562 0.036719
15 0.291406 0.717187 0.176563 0.165625
15 0.499609 0.797266 0.228906 0.194531
16 0.346094 0.766016 0.048438 0.042969
16 0.561719 0.852344 0.060937 0.050000
16 0.563281 0.612500 0.031250 0.037500
16 0.689453 0.624219 0.053906 0.039062
