17 0.333203 0.635156 0.657031 0.639062
15 0.291016 0.381250 0.267969 0.129688
15 0.539062 0.378125 0.223438 0.118750
15 0.122656 0.538281 0.232813 0.179688
15 0.407422 0.552734 0.317969 0.214844
15 0.091406 0.679297 0.156250 0.142969
15 0.250391 0.706641 0.166406 0.166406
15 0.431250 0.730859 0.190625 0.171094
15 0.148438 0.823047 0.210938 0.147656
15 0.387500 0.867969 0.260937 0.173437
16 0.186719 0.591406 0.059375 0.040625
16 0.463281 0.619922 0.064062 0.047656
16 0.213672 0.866016 0.057031 0.041406
16 0.461328 0.917969 0.064844 0.040625
