17 0.490625 0.561328 0.585938 0.566406
15 0.357031 0.356250 0.232813 0.151562
15 0.660547 0.403906 0.225781 0.187500
15 0.571875 0.360938 0.189062 0.164062
15 0.339844 0.537500 0.270313 0.181250
15 0.615625 0.534375 0.267188 0.171875
15 0.307422 0.682031 0.192969 0.120313
15 0.485938 0.680469 0.171875 0.117188
15 0.651953 0.677344 0.160156 0.115625
15 0.362500 0.791797 0.245312 0.102344
15 0.603516 0.785547 0.217969 0.092969
16 0.426953 0.592578 0.066406 0.032031
16 0.700000 0.593750 0.062500 0.029687
16 0.440234 0.810937 0.057031 0.021875
16 0.666797 0.808984 0.055469 0.021094
16 0.483984 0.851172 0.049219 0.013281
