17 0.546094 0.484766 0.570312 0.708594
15 0.521875 0.205078 0.270313 0.147656
15 0.371094 0.357422 0.210938 0.160156
15 0.568750 0.353906 0.187500 0.151562
15 0.746484 0.346484 0.166406 0.146094
15 0.431250 0.511719 0.278125 0.131250
15 0.694922 0.491797 0.239844 0.124219
15 0.397656 0.651563 0.189062 0.132812
15 0.575781 0.633984 0.162500 0.127344
15 0.732812 0.618359 0.148438 0.124219
15 0.446094 0.769531 0.268750 0.129688
15 0.686719 0.739844 0.212500 0.112500
16 0.617188 0.248047 0.054688 0.030469
16 0.516797 0.541406 0.060156 0.029687
16 0.771484 0.526172 0.049219 0.028906
16 0.532422 0.793359 0.052344 0.030469
16 0.753906 0.768359 0.048438 0.025781
