15 0.151172 0.366406 0.207031 0.282813
15 0.048047 0.366797 0.075781 0.296094
15 0.123438 0.623828 0.242188 0.257031
15 0.060156 0.858984 0.109375 0.244531
15 0.178516 0.842578 0.167969 0.244531
15 0.480859 0.582031 0.253906 0.234375
15 0.441016 0.798047 0.153906 0.221094
15 0.558594 0.776563 0.129688 0.212500
15 0.697266 0.741406 0.211719 0.240625
15 0.621875 0.534766 0.120313 0.200781
15 0.670312 0.398047 0.168750 0.072656
15 0.783594 0.394141 0.085938 0.075781
15 0.754687 0.460156 0.128125 0.067187
15 0.707031 0.514453 0.098437 0.064844
15 0.782813 0.517188 0.078125 0.071875
15 0.753516 0.578125 0.146094 0.068750
16 0.552344 0.653125 0.059375 0.035937
16 0.631250 0.595313 0.053125 0.031250
16 0.182812 0.698438 0.081250 0.046875
16 0.748047 0.812891 0.053906 0.041406
17 0.563281 0.675000 0.509375 0.493750
17 0.134375 0.587109 0.256250 0.763281
17 0.704297 0.528906 0.355469 0.329688
