17 0.426563 0.481250 0.529687 0.676562
15 0.453906 0.211328 0.254688 0.133594
15 0.246484 0.354297 0.171094 0.144531
15 0.417578 0.355859 0.183594 0.155469
15 0.600000 0.354687 0.181250 0.153125
15 0.302344 0.498828 0.239063 0.130469
15 0.560156 0.499219 0.264062 0.129688
15 0.274609 0.617969 0.163281 0.129688
15 0.433594 0.621484 0.160938 0.124219
15 0.601172 0.623828 0.172656 0.130469
15 0.326953 0.736719 0.224219 0.123438
15 0.564453 0.746875 0.242969 0.128125
16 0.531641 0.248047 0.052344 0.027344
16 0.377734 0.527734 0.055469 0.025781
16 0.636328 0.535547 0.064844 0.035156
16 0.397656 0.767969 0.050000 0.029687
16 0.626172 0.783594 0.055469 0.031250
