17 0.514844 0.598828 0.723437 0.592969
15 0.308203 0.329688 0.177344 0.054688
15 0.480469 0.326953 0.168750 0.052344
15 0.647656 0.326953 0.168750 0.052344
15 0.345703 0.458984 0.321094 0.199219
15 0.666797 0.450781 0.303906 0.198437
15 0.281641 0.726562 0.252344 0.150000
15 0.524609 0.718359 0.222656 0.144531
15 0.753516 0.707812 0.216406 0.142187
15 0.358203 0.844922 0.300781 0.110156
15 0.679297 0.839453 0.296094 0.116406
16 0.450781 0.517578 0.070312 0.036719
16 0.755859 0.514062 0.069531 0.032813
16 0.465625 0.869141 0.068750 0.028906
16 0.753516 0.863281 0.072656 0.023438
