17 0.673047 0.602344 0.627344 0.596875
15 0.530859 0.389844 0.207031 0.129688
15 0.839844 0.376953 0.285938 0.150781
15 0.605078 0.539844 0.311719 0.170313
15 0.867578 0.519922 0.197656 0.139844
15 0.616016 0.688281 0.163281 0.156250
15 0.771484 0.660156 0.136719 0.145313
15 0.906641 0.636328 0.124219 0.124219
15 0.651172 0.815625 0.225781 0.170313
15 0.859766 0.771484 0.196094 0.152344
16 0.717969 0.572656 0.057813 0.034375
16 0.935156 0.546484 0.043750 0.038281
16 0.722266 0.828906 0.053906 0.037500
16 0.920312 0.786719 0.045312 0.031250
16 0.512109 0.726172 0.030469 0.046094
