17 0.487500 0.503906 0.557813 0.660937
15 0.492969 0.236328 0.246875 0.130469
15 0.305078 0.382031 0.192969 0.143750
15 0.489063 0.379297 0.184375 0.144531
15 0.670703 0.377734 0.180469 0.147656
15 0.364063 0.524219 0.259375 0.126562
15 0.626563 0.520312 0.256250 0.125000
15 0.339062 0.654297 0.176563 0.127344
15 0.502344 0.649219 0.171875 0.128125
15 0.670703 0.650000 0.161719 0.123438
15 0.390234 0.777734 0.244531 0.111719
15 0.627734 0.775391 0.227344 0.110156
16 0.574219 0.278906 0.056250 0.034375
16 0.445703 0.557422 0.052344 0.027344
16 0.710156 0.554297 0.054688 0.027344
16 0.467187 0.805859 0.050000 0.028906
16 0.702734 0.801953 0.052344 0.022656
