17 0.620703 0.560156 0.521094 0.634375
15 0.412891 0.332031 0.110156 0.176563
15 0.514453 0.335547 0.096094 0.174219
15 0.635938 0.335938 0.148438 0.157812
15 0.440234 0.542578 0.147656 0.239844
15 0.578125 0.540234 0.132812 0.238281
15 0.759375 0.542578 0.220312 0.216406
15 0.503516 0.767188 0.233594 0.201563
15 0.681250 0.756641 0.117188 0.192969
15 0.797266 0.750000 0.103906 0.184375
16 0.821875 0.617578 0.054688 0.028906
16 0.572656 0.835547 0.059375 0.030469
16 0.671094 0.771484 0.056250 0.021094
16 0.782031 0.762891 0.046875 0.025781
16 0.623828 0.887500 0.046094 0.020313
