17 0.409766 0.598828 0.528906 0.558594
15 0.338672 0.388281 0.213281 0.117188
15 0.580078 0.400000 0.207031 0.156250
15 0.278906 0.542969 0.253125 0.134375
15 0.538281 0.547266 0.267188 0.138281
15 0.244531 0.675000 0.171875 0.132812
15 0.410547 0.677344 0.172656 0.137500
15 0.585547 0.684375 0.171094 0.131250
15 0.295312 0.797266 0.232813 0.117969
15 0.543359 0.812109 0.260156 0.136719
16 0.352734 0.580078 0.058594 0.032031
16 0.619141 0.587891 0.061719 0.030469
16 0.372656 0.832031 0.057813 0.031250
16 0.614453 0.846875 0.061719 0.032813
