1 0.258311 0.267330 0.455526 0.312684
1 0.707547 0.260140 0.470800 0.305678
1 0.199910 0.083333 0.269542 0.093658
1 0.448113 0.082412 0.257412 0.082965
1 0.682390 0.074115 0.289308 0.087758
1 0.178347 0.598451 0.355795 0.373894
1 0.500674 0.587574 0.340072 0.375737
1 0.805256 0.581858 0.387691 0.374631
1 0.282120 0.852876 0.452830 0.184366
1 0.714960 0.843842 0.440701 0.175147
0 0.404537 0.367257 0.101078 0.056047
0 0.825472 0.359882 0.101977 0.053835
0 0.423854 0.896571 0.100180 0.045354
0 0.823675 0.889381 0.100180 0.037611
2 0.498428 0.515487 0.995957 0.969027
