0 0.302424 0.247558 0.082192 0.037241
0 0.615385 0.246337 0.077977 0.034799
0 0.405690 0.111111 0.082192 0.035409
1 0.292413 0.071734 0.367756 0.139805
1 0.192308 0.208486 0.348788 0.152015
1 0.520548 0.203907 0.320337 0.147741
1 0.130664 0.351038 0.238145 0.144078
1 0.354584 0.347680 0.226554 0.142247
1 0.573235 0.342186 0.217071 0.137363
1 0.182824 0.442002 0.348788 0.059829
1 0.239726 0.651404 0.403583 0.293040
1 0.603267 0.614469 0.371970 0.270452
1 0.132244 0.489316 0.224447 0.054335
1 0.324552 0.488095 0.233930 0.056777
2 0.510011 0.726801 0.979979 0.546398
