1 0.173228 0.611686 0.228346 0.297018
1 0.345472 0.605600 0.228346 0.287279
1 0.661417 0.644248 0.395669 0.289105
1 0.604823 0.479915 0.398622 0.048083
1 0.215059 0.437310 0.312008 0.055386
1 0.516732 0.434267 0.295276 0.054169
1 0.154035 0.347231 0.233268 0.140596
1 0.367126 0.344796 0.206693 0.138162
1 0.571358 0.340840 0.201772 0.135119
1 0.216535 0.206634 0.324803 0.150335
1 0.520177 0.204808 0.290354 0.143031
1 0.300689 0.073950 0.345472 0.132075
0 0.411417 0.110773 0.072835 0.037736
0 0.319882 0.245587 0.074803 0.037127
0 0.609252 0.245587 0.070866 0.035910
0 0.784941 0.732806 0.087598 0.041388
2 0.527067 0.727632 0.945866 0.544735
