1 0.546439 0.100846 0.459259 0.201015
1 0.174074 0.301184 0.320798 0.213198
1 0.470655 0.301523 0.333903 0.215228
1 0.792593 0.296108 0.340741 0.227411
1 0.272080 0.496108 0.449573 0.193570
1 0.725071 0.500338 0.478063 0.199323
1 0.226496 0.664636 0.307123 0.186125
1 0.504274 0.673942 0.311111 0.189848
1 0.794872 0.682234 0.322507 0.195601
1 0.312536 0.829949 0.403989 0.178342
1 0.727635 0.851777 0.446724 0.190186
0 0.679772 0.159222 0.107123 0.057191
0 0.411681 0.542978 0.101994 0.049069
0 0.862393 0.554146 0.109972 0.053130
0 0.444160 0.872250 0.097436 0.047716
0 0.847009 0.898646 0.101994 0.047039
2 0.504274 0.500169 0.991453 0.999662
