0 0.402547 0.112599 0.074437 0.036519
0 0.312929 0.245283 0.073457 0.036519
0 0.599902 0.244674 0.069540 0.035301
0 0.303134 0.513086 0.073457 0.036519
0 0.548482 0.822885 0.035260 0.065733
1 0.297747 0.075167 0.334966 0.139379
1 0.208129 0.207547 0.328110 0.148509
1 0.512243 0.205417 0.291871 0.147900
1 0.151322 0.349665 0.230167 0.145466
1 0.361900 0.346013 0.206660 0.139379
1 0.563173 0.340536 0.199804 0.132075
1 0.201763 0.481132 0.325171 0.139379
1 0.504897 0.432441 0.290891 0.060256
1 0.157689 0.613816 0.219393 0.139379
1 0.330069 0.606512 0.142997 0.138162
1 0.631244 0.705417 0.304603 0.370055
1 0.834476 0.691114 0.323213 0.346318
1 0.659158 0.625380 0.393732 0.258673
1 0.591087 0.603774 0.345739 0.254413
1 0.551420 0.579428 0.340842 0.245892
2 0.529383 0.721242 0.941234 0.553865
