2 0.535976 0.498218 0.928049 0.517818
1 0.214329 0.297560 0.226220 0.108279
1 0.430488 0.298246 0.223171 0.109649
1 0.648476 0.299068 0.221341 0.109101
1 0.876829 0.299068 0.234146 0.111294
1 0.228659 0.400356 0.210976 0.101151
1 0.433537 0.400356 0.213415 0.102248
1 0.645122 0.402549 0.217073 0.102796
1 0.861280 0.402961 0.226220 0.100877
1 0.230793 0.494655 0.209146 0.092928
1 0.427744 0.495888 0.209146 0.096491
1 0.628049 0.498218 0.204878 0.092379
1 0.843902 0.498218 0.219512 0.092379
1 0.240244 0.582374 0.214634 0.089638
1 0.438415 0.582922 0.203659 0.088542
1 0.632622 0.585663 0.204268 0.090186
1 0.835061 0.586486 0.206707 0.089638
1 0.262500 0.665159 0.198171 0.085800
1 0.448476 0.666667 0.192073 0.083882
1 0.634146 0.669956 0.190244 0.087171
1 0.819817 0.671327 0.198171 0.086075
