2 0.500915 0.604852 0.998171 0.519463
1 0.325000 0.405016 0.384146 0.117599
1 0.714024 0.407072 0.393902 0.115680
1 0.309451 0.477933 0.416463 0.041941
1 0.721951 0.479167 0.415854 0.042215
1 0.289634 0.516447 0.469512 0.048246
1 0.747256 0.567571 0.470122 0.148300
1 0.264634 0.621436 0.524390 0.173794
1 0.264634 0.755757 0.504878 0.111842
1 0.755183 0.722999 0.489634 0.177906
0 0.411890 0.676261 0.120122 0.033991
0 0.865549 0.611705 0.103049 0.030976
0 0.414939 0.780976 0.110366 0.030702
0 0.889634 0.780291 0.110976 0.031524
