2 0.500610 0.489446 0.998780 0.619243
1 0.257927 0.257264 0.509756 0.139529
1 0.738720 0.259457 0.482317 0.137884
1 0.245122 0.384046 0.484146 0.125000
1 0.725305 0.385143 0.476220 0.128838
1 0.250915 0.498492 0.468902 0.116502
1 0.714939 0.502056 0.455488 0.111020
1 0.259146 0.605400 0.453659 0.105537
1 0.700610 0.605948 0.447561 0.106634
1 0.265244 0.702851 0.436585 0.097588
1 0.692073 0.702988 0.423171 0.097314
0 0.403659 0.726425 0.091463 0.025768
0 0.816768 0.726151 0.089634 0.026316
0 0.831402 0.631305 0.089634 0.028509
0 0.401220 0.630757 0.092683 0.027961
0 0.401829 0.528098 0.096341 0.029879
0 0.846037 0.528920 0.096951 0.030976
0 0.397866 0.417763 0.103049 0.032895
0 0.866159 0.418174 0.099390 0.033717
0 0.896037 0.297971 0.100610 0.035636
