0 0.784091 0.370652 0.093182 0.054348
0 0.455114 0.854348 0.098864 0.054348
0 0.870455 0.833152 0.104545 0.053261
1 0.192614 0.473913 0.373864 0.508696
1 0.521023 0.457609 0.360227 0.502174
1 0.265909 0.176087 0.406818 0.123913
1 0.276136 0.083696 0.359091 0.106522
1 0.637500 0.072283 0.352273 0.103261
1 0.667614 0.264130 0.407955 0.328261
1 0.190909 0.475543 0.377273 0.509783
1 0.788068 0.447826 0.219318 0.095652
1 0.753977 0.687500 0.462500 0.414130
1 0.301136 0.808152 0.465909 0.235870
2 0.485795 0.501630 0.964773 0.959783
