2 0.502744 0.544682 0.994512 0.699013
1 0.314939 0.787418 0.539634 0.113213
1 0.735366 0.786458 0.317073 0.111842
1 0.211585 0.675439 0.345122 0.123904
1 0.636280 0.673657 0.550610 0.125274
1 0.311585 0.552357 0.571951 0.135965
1 0.768598 0.551261 0.350610 0.137610
1 0.195427 0.421053 0.366463 0.143640
1 0.668293 0.422560 0.596341 0.144463
1 0.307927 0.279331 0.606098 0.160636
1 0.793293 0.280976 0.384146 0.153509
0 0.506707 0.307292 0.117073 0.042763
0 0.842073 0.449013 0.113415 0.037281
0 0.494207 0.576617 0.110366 0.034265
0 0.804573 0.695450 0.105488 0.031250
0 0.480488 0.806469 0.103659 0.030154
