0 0.401077 0.110024 0.069540 0.035452
0 0.313418 0.244804 0.074437 0.038509
0 0.600881 0.245110 0.067581 0.035452
1 0.301665 0.071822 0.350637 0.136308
1 0.207640 0.205990 0.333007 0.152812
1 0.511263 0.206296 0.287953 0.142421
1 0.151322 0.349022 0.224290 0.146699
1 0.360921 0.344438 0.206660 0.142421
1 0.561704 0.341076 0.204701 0.138142
1 0.205191 0.440403 0.312439 0.059291
1 0.504897 0.434597 0.290891 0.059902
1 0.166993 0.612775 0.222331 0.296455
1 0.338883 0.605746 0.229187 0.293399
1 0.833007 0.693460 0.333986 0.355134
1 0.651812 0.647616 0.377081 0.296455
1 0.595984 0.483191 0.412341 0.049511
2 0.526934 0.726773 0.946131 0.546455
