1 0.287916 0.112029 0.406905 0.196103
1 0.649199 0.103981 0.342787 0.174079
1 0.251233 0.344557 0.483970 0.256247
1 0.735512 0.341381 0.477189 0.256671
1 0.695746 0.205210 0.416153 0.026684
1 0.180025 0.585981 0.339088 0.232529
1 0.503083 0.580263 0.321825 0.238035
1 0.814427 0.580051 0.316893 0.231681
1 0.272503 0.797755 0.468557 0.215587
1 0.731504 0.796273 0.458076 0.214316
0 0.422010 0.858958 0.117756 0.055909
0 0.870530 0.853240 0.108508 0.055485
0 0.399507 0.419102 0.110974 0.054638
0 0.885327 0.417196 0.110974 0.060144
2 0.492910 0.503600 0.969790 0.980940
