2 0.490549 0.489857 0.873780 0.622807
1 0.224390 0.248766 0.331707 0.138432
1 0.649695 0.248218 0.500610 0.136787
1 0.336585 0.377878 0.491463 0.126919
1 0.729878 0.378564 0.303659 0.127741
0 0.496341 0.412281 0.100000 0.033443
0 0.799390 0.279879 0.104878 0.036184
0 0.777134 0.523438 0.094512 0.028783
0 0.501220 0.632950 0.090244 0.027961
0 0.763720 0.731360 0.088415 0.025219
1 0.262500 0.498492 0.300610 0.112664
1 0.636890 0.497259 0.461585 0.114583
1 0.361890 0.606908 0.444512 0.105263
1 0.719207 0.605811 0.276220 0.107456
1 0.289634 0.707511 0.270732 0.100329
1 0.632927 0.706552 0.425610 0.098410
