0 0.405020 0.110061 0.071850 0.033537
0 0.315453 0.245122 0.073819 0.035366
0 0.602854 0.244512 0.069882 0.039024
0 0.759350 0.807927 0.042323 0.062195
1 0.299213 0.071951 0.328740 0.139024
1 0.210630 0.206098 0.326772 0.146341
1 0.515748 0.204573 0.289370 0.142073
1 0.150591 0.347561 0.230315 0.150000
1 0.362205 0.343598 0.206693 0.145732
1 0.565453 0.339329 0.199803 0.139634
1 0.202756 0.484756 0.324803 0.141463
1 0.508366 0.435366 0.294291 0.054878
1 0.147638 0.617683 0.206693 0.140244
1 0.341043 0.605488 0.225394 0.286585
1 0.832677 0.692378 0.322835 0.350610
1 0.657480 0.640549 0.383858 0.294512
1 0.587106 0.478354 0.386811 0.046951
2 0.524606 0.728049 0.944882 0.543902
