2 0.532927 0.509320 0.880488 0.373904
1 0.699390 0.404468 0.398780 0.112664
1 0.602744 0.337582 0.195732 0.025493
1 0.796037 0.338816 0.198171 0.025219
1 0.228354 0.481086 0.255488 0.129386
1 0.403354 0.480674 0.218902 0.130208
1 0.591463 0.503701 0.201220 0.095121
1 0.797561 0.503701 0.215854 0.095121
1 0.296951 0.584293 0.376829 0.090735
1 0.720427 0.589775 0.376220 0.088542
1 0.371951 0.407758 0.298780 0.019463
0 0.401220 0.602659 0.079268 0.024397
0 0.832317 0.607319 0.080488 0.023300
0 0.817683 0.430099 0.089024 0.025768
