2 0.515244 0.530291 0.969512 0.584704
1 0.286890 0.714912 0.434756 0.101425
1 0.704573 0.718887 0.428659 0.103344
1 0.201829 0.622122 0.279268 0.101700
1 0.523476 0.624041 0.270122 0.102248
1 0.804268 0.625411 0.279268 0.101700
1 0.287805 0.523026 0.462195 0.108004
1 0.726829 0.525356 0.457317 0.109923
1 0.202134 0.417352 0.299390 0.112664
1 0.508537 0.420093 0.286585 0.115406
1 0.820427 0.420093 0.283537 0.113761
1 0.279878 0.306195 0.482927 0.123904
1 0.753049 0.308936 0.478049 0.121711
0 0.427744 0.327714 0.100610 0.033717
0 0.893598 0.330455 0.096951 0.032072
0 0.429573 0.542626 0.093293 0.028783
0 0.863720 0.545230 0.094512 0.030154
0 0.419817 0.729989 0.087195 0.025768
0 0.834146 0.735883 0.084146 0.028235
