2 0.509756 0.551535 0.980488 0.720395
1 0.577134 0.251096 0.372561 0.121162
1 0.193293 0.387473 0.340244 0.162007
1 0.513415 0.384457 0.340244 0.159265
1 0.833537 0.385965 0.323171 0.162281
1 0.290549 0.534814 0.481098 0.144737
1 0.757927 0.535910 0.484146 0.151316
1 0.228049 0.671053 0.314634 0.141447
1 0.521951 0.672149 0.309756 0.140899
1 0.825000 0.673383 0.317073 0.138432
1 0.309451 0.796738 0.454268 0.126371
1 0.743902 0.797560 0.445122 0.134046
0 0.454268 0.838405 0.096341 0.028235
0 0.873171 0.841831 0.098780 0.030154
0 0.441159 0.583059 0.109146 0.033443
0 0.909451 0.584704 0.106707 0.033443
