2 0.503963 0.499863 0.992073 0.619792
1 0.253659 0.262061 0.487805 0.134320
1 0.737500 0.265077 0.484756 0.135965
1 0.257927 0.385691 0.485366 0.126645
1 0.731098 0.387473 0.473171 0.126371
1 0.262805 0.498766 0.464634 0.117050
1 0.714329 0.502741 0.455488 0.112939
1 0.268293 0.604304 0.445122 0.106634
1 0.702744 0.605400 0.432317 0.107182
1 0.699085 0.704770 0.425000 0.100329
1 0.268902 0.706140 0.435366 0.100877
0 0.424085 0.726700 0.092073 0.027412
0 0.825305 0.726700 0.089634 0.028509
0 0.422561 0.627056 0.091463 0.028783
0 0.832927 0.630757 0.091463 0.029057
0 0.846951 0.527001 0.095122 0.029879
0 0.425000 0.523849 0.093902 0.030702
0 0.410671 0.413103 0.095732 0.032346
0 0.871646 0.415707 0.096951 0.031524
0 0.884756 0.295504 0.101220 0.033443
