1 0.352709 0.607252 0.232512 0.288239
1 0.607389 0.607861 0.375369 0.271176
1 0.515271 0.432358 0.291626 0.049360
1 0.571429 0.340646 0.195074 0.138940
1 0.370443 0.340341 0.216749 0.141987
1 0.215271 0.479586 0.328079 0.152346
1 0.159606 0.617002 0.220690 0.149299
1 0.161084 0.348263 0.231527 0.144424
1 0.221675 0.205667 0.315271 0.145643
1 0.522660 0.205363 0.308374 0.143815
1 0.316749 0.071907 0.306404 0.138940
0 0.413300 0.111213 0.069951 0.035954
0 0.322660 0.245277 0.073892 0.035954
0 0.610345 0.245582 0.069951 0.036563
2 0.540394 0.724558 0.919212 0.543571
