1 0.195482 0.612263 0.372892 0.486987
1 0.419880 0.621306 0.345783 0.497133
1 0.716867 0.675783 0.480723 0.475518
1 0.769880 0.415307 0.428916 0.078959
1 0.406928 0.349581 0.380120 0.063079
1 0.757831 0.355315 0.378313 0.069255
1 0.718373 0.304367 0.190964 0.066167
1 0.886446 0.317159 0.196988 0.056462
1 0.834639 0.150199 0.330723 0.294221
1 0.373193 0.169166 0.206627 0.315395
1 0.566867 0.164535 0.232530 0.320247
0 0.830723 0.852889 0.120482 0.071019
0 0.907229 0.251654 0.080723 0.042788
2 0.503313 0.500000 0.986145 0.993824
