2 0.498171 0.559622 0.865854 0.568805
1 0.297256 0.341146 0.435976 0.124726
1 0.718598 0.340186 0.416463 0.117873
1 0.304268 0.454496 0.423171 0.110746
1 0.709451 0.451754 0.399390 0.109101
1 0.310671 0.559759 0.399390 0.105811
1 0.702134 0.556606 0.394512 0.103344
1 0.317988 0.656935 0.389634 0.101151
1 0.698780 0.654879 0.385366 0.100329
1 0.328659 0.751645 0.385366 0.097039
1 0.705183 0.749452 0.382317 0.095395
0 0.424695 0.370888 0.098171 0.031798
0 0.839329 0.371025 0.095732 0.030976
0 0.431098 0.482867 0.096341 0.030428
0 0.824085 0.479715 0.098171 0.030702
0 0.435366 0.584567 0.091463 0.029879
0 0.818902 0.583196 0.091463 0.028235
0 0.434146 0.682018 0.091463 0.027412
0 0.805183 0.680510 0.088415 0.029331
0 0.807927 0.770833 0.089024 0.027961
0 0.449085 0.775493 0.090854 0.027412
