2 0.499085 0.364583 0.996951 0.728618
1 0.250610 0.101425 0.248780 0.202303
1 0.454268 0.128701 0.198780 0.163651
1 0.625610 0.128975 0.175610 0.164748
1 0.792378 0.126782 0.177439 0.161458
1 0.161585 0.328536 0.295122 0.268914
1 0.414024 0.330866 0.271951 0.271930
1 0.768902 0.330181 0.462195 0.270011
1 0.275305 0.564282 0.450610 0.216283
1 0.605488 0.566201 0.240244 0.218476
1 0.837805 0.564967 0.270732 0.213816
0 0.409146 0.640625 0.100000 0.030154
0 0.887500 0.424753 0.114024 0.033717
0 0.484756 0.194353 0.071951 0.014803
