0 0.304519 0.512173 0.072692 0.033475
0 0.315324 0.245587 0.074656 0.039562
0 0.602652 0.244674 0.069745 0.032867
0 0.405206 0.110773 0.069745 0.035301
1 0.298625 0.073341 0.349705 0.130858
1 0.208743 0.205417 0.333006 0.149117
1 0.516208 0.204808 0.289784 0.147900
1 0.151277 0.348448 0.229862 0.144248
1 0.362967 0.344796 0.209234 0.143031
1 0.564833 0.340536 0.198428 0.133293
1 0.199411 0.479610 0.324165 0.142422
1 0.503438 0.433962 0.295678 0.057212
1 0.156680 0.614121 0.219057 0.144857
1 0.327112 0.605600 0.135560 0.138771
1 0.825147 0.692027 0.316306 0.342057
1 0.647348 0.645161 0.363458 0.292149
1 0.598232 0.611077 0.353635 0.262934
1 0.546169 0.578211 0.324165 0.249544
0 0.752456 0.806756 0.045187 0.061473
2 0.535855 0.717894 0.928291 0.558125
