2 0.518293 0.478070 0.963415 0.763706
1 0.469512 0.183388 0.502439 0.167763
1 0.287805 0.340186 0.482927 0.155702
1 0.754573 0.338268 0.473780 0.154605
1 0.233232 0.483416 0.315244 0.138432
1 0.528963 0.480263 0.298171 0.138706
1 0.825000 0.476837 0.301220 0.137884
1 0.323171 0.608553 0.429268 0.128838
1 0.745732 0.604030 0.419512 0.125274
1 0.260671 0.726288 0.282317 0.115954
1 0.526829 0.722588 0.271951 0.115132
1 0.794817 0.716557 0.267683 0.111294
0 0.402134 0.380208 0.105488 0.034539
0 0.848476 0.375548 0.104268 0.034539
0 0.447256 0.638843 0.098171 0.028783
0 0.858841 0.641036 0.098171 0.027686
