0 0.322167 0.244948 0.074877 0.036742
0 0.610837 0.243417 0.070936 0.034905
0 0.410837 0.109308 0.074877 0.036130
0 0.551724 0.824250 0.037438 0.058788
1 0.300000 0.071035 0.349754 0.137171
1 0.213793 0.203307 0.329064 0.145744
1 0.521675 0.201164 0.290640 0.147581
1 0.157143 0.346295 0.227586 0.146356
1 0.369951 0.343846 0.209852 0.145132
1 0.571921 0.339253 0.203941 0.140845
1 0.212315 0.438763 0.312315 0.065524
1 0.510837 0.433252 0.288670 0.063074
1 0.321182 0.687691 0.413793 0.339253
1 0.171921 0.487140 0.211823 0.058175
1 0.345320 0.485609 0.225616 0.058788
1 0.635961 0.701470 0.296552 0.372933
1 0.847783 0.696877 0.304433 0.352725
2 0.525616 0.725046 0.938916 0.549908
