1 0.221925 0.664973 0.437433 0.306635
1 0.630481 0.614764 0.390374 0.283921
1 0.133155 0.493425 0.214973 0.054393
1 0.339037 0.490436 0.224599 0.057980
1 0.217112 0.440526 0.359358 0.056186
1 0.559358 0.434549 0.331551 0.059773
1 0.150802 0.345188 0.260963 0.154812
1 0.393048 0.342499 0.247059 0.149432
1 0.623529 0.338912 0.228877 0.144650
1 0.211765 0.205320 0.370053 0.145248
1 0.564706 0.200538 0.346524 0.140466
1 0.340107 0.068739 0.359358 0.135087
0 0.449733 0.108787 0.082353 0.037059
0 0.330481 0.245368 0.087701 0.036461
0 0.666845 0.244172 0.086631 0.037657
2 0.500535 0.727137 0.998930 0.544531
