1 0.111931 0.171706 0.211562 0.342509
0 0.591943 0.242780 0.070726 0.039711
0 0.877614 0.786552 0.099631 0.053249
1 0.187577 0.655235 0.302583 0.522563
1 0.418819 0.641922 0.308733 0.507671
1 0.229090 0.375000 0.394219 0.073105
1 0.455105 0.303475 0.170972 0.059116
1 0.610086 0.300767 0.220172 0.058213
1 0.515375 0.144404 0.325953 0.282491
1 0.290898 0.167644 0.218942 0.328971
1 0.842866 0.151399 0.314268 0.143051
1 0.785978 0.049639 0.231242 0.098375
1 0.804121 0.276399 0.161747 0.131318
1 0.939422 0.274819 0.121156 0.127256
1 0.761070 0.641697 0.477860 0.454874
1 0.685424 0.396209 0.453260 0.075812
1 0.578413 0.347022 0.383149 0.064982
2 0.497540 0.498646 0.993850 0.996390
