2 0.520122 0.480263 0.853659 0.463816
1 0.496341 0.314145 0.318293 0.128289
1 0.227744 0.419956 0.257927 0.133224
1 0.496037 0.429825 0.307927 0.110746
1 0.790854 0.417489 0.308537 0.127193
1 0.771341 0.345943 0.264634 0.020285
1 0.257012 0.346902 0.200610 0.018366
1 0.274695 0.532072 0.301829 0.100329
1 0.559451 0.529605 0.292073 0.099781
1 0.811280 0.528235 0.235976 0.099232
1 0.258537 0.625822 0.229268 0.093202
1 0.500610 0.622807 0.276829 0.093750
1 0.775915 0.619243 0.279878 0.091009
3 0.593293 0.342516 0.096341 0.032621
3 0.585366 0.453673 0.092683 0.030154
3 0.878049 0.447643 0.098780 0.031798
3 0.368598 0.552906 0.089634 0.027961
3 0.647561 0.549753 0.087805 0.028235
3 0.584146 0.639666 0.085366 0.025493
3 0.854573 0.638843 0.085976 0.025493
