2 0.518293 0.455181 0.914634 0.701480
1 0.472866 0.171601 0.406707 0.135417
1 0.297256 0.305510 0.450610 0.149945
1 0.744207 0.306332 0.448171 0.146656
1 0.242378 0.442434 0.288415 0.136513
1 0.515549 0.442434 0.277439 0.135417
1 0.790244 0.443257 0.281707 0.132127
1 0.327134 0.567708 0.410366 0.124452
1 0.731098 0.566338 0.400000 0.122259
1 0.276524 0.680236 0.259146 0.109923
1 0.528354 0.678317 0.251829 0.108827
1 0.781098 0.676672 0.253659 0.105537
0 0.443598 0.600055 0.090854 0.027961
0 0.832622 0.597039 0.089634 0.026864
0 0.425000 0.346217 0.102439 0.033991
0 0.861890 0.348136 0.096951 0.033991
0 0.585976 0.211075 0.089024 0.031250
