1 0.285503 0.649149 0.383629 0.299514
1 0.629191 0.703220 0.309665 0.362697
1 0.850592 0.694411 0.298817 0.351154
1 0.177515 0.487849 0.207101 0.051033
1 0.344675 0.483293 0.231755 0.049210
1 0.209073 0.438032 0.311637 0.065614
1 0.508876 0.433171 0.295858 0.053463
1 0.154339 0.346294 0.227811 0.140948
1 0.363905 0.343864 0.213018 0.138518
1 0.569034 0.340826 0.203156 0.132442
1 0.208580 0.205954 0.326430 0.149453
1 0.514300 0.205954 0.294872 0.145808
1 0.300296 0.074727 0.330375 0.132442
0 0.406312 0.112697 0.074951 0.037060
0 0.315089 0.246355 0.070020 0.032199
0 0.603057 0.246051 0.070020 0.035237
0 0.545858 0.820170 0.036489 0.065614
2 0.536489 0.726002 0.927022 0.547995
