2 0.458537 0.637610 0.887805 0.436952
1 0.273780 0.534951 0.203659 0.195450
1 0.444207 0.536732 0.184756 0.194079
1 0.708537 0.543037 0.365854 0.184211
1 0.691463 0.448191 0.318293 0.017544
1 0.600610 0.435581 0.153659 0.024123
1 0.739329 0.436404 0.178659 0.019737
1 0.184451 0.699013 0.332317 0.182566
1 0.124695 0.593750 0.144512 0.024123
1 0.141463 0.564419 0.100000 0.037829
1 0.427744 0.710252 0.178659 0.166118
1 0.591768 0.713953 0.177439 0.165296
1 0.761585 0.716694 0.190244 0.165844
0 0.277744 0.766721 0.082317 0.027412
0 0.794817 0.612527 0.083537 0.026042
