0 0.490650 0.852670 0.101378 0.049110
0 0.318898 0.242173 0.080709 0.041130
0 0.606791 0.240025 0.069882 0.034377
0 0.409941 0.105893 0.073819 0.037446
1 0.351378 0.732044 0.450787 0.366483
1 0.637795 0.704113 0.295276 0.365869
1 0.855315 0.695826 0.285433 0.351750
1 0.210630 0.437999 0.320866 0.057090
1 0.514764 0.428484 0.299213 0.063843
1 0.153051 0.341928 0.235236 0.146102
1 0.369587 0.339165 0.207677 0.144260
1 0.570374 0.336096 0.199803 0.139349
1 0.218504 0.199509 0.316929 0.147330
1 0.520177 0.197667 0.288386 0.143646
1 0.298228 0.069368 0.334646 0.127686
2 0.525098 0.725905 0.947835 0.548189
