2 0.485366 0.577851 0.909756 0.498904
1 0.343902 0.439967 0.513415 0.150768
1 0.367988 0.360197 0.442073 0.025768
1 0.382622 0.342928 0.405488 0.024123
1 0.201829 0.593750 0.307317 0.171053
1 0.621037 0.596217 0.554268 0.169408
1 0.708537 0.494380 0.269512 0.038651
1 0.691463 0.459019 0.210976 0.041393
1 0.668598 0.432977 0.171341 0.023300
1 0.341768 0.728070 0.527439 0.109101
1 0.732012 0.730400 0.277439 0.107730
3 0.510366 0.755757 0.106098 0.027412
3 0.786890 0.652412 0.112805 0.031798
3 0.495732 0.482045 0.100000 0.033717
