2 0.503354 0.546190 0.993293 0.653235
1 0.176829 0.332374 0.347561 0.216831
1 0.454573 0.333882 0.217683 0.218750
1 0.664024 0.333470 0.232927 0.220669
1 0.871646 0.335389 0.242073 0.220121
1 0.103354 0.533443 0.204268 0.196272
1 0.294207 0.535910 0.210366 0.199561
1 0.490854 0.536321 0.209756 0.197643
1 0.781098 0.540707 0.379268 0.203673
1 0.183841 0.719846 0.351829 0.185307
1 0.447256 0.721354 0.196951 0.183936
1 0.639329 0.724095 0.207927 0.186678
1 0.827439 0.729304 0.218293 0.183936
0 0.285671 0.782072 0.085976 0.027961
0 0.865244 0.608279 0.092683 0.029057
0 0.263415 0.403646 0.095122 0.030976
