1 0.280488 0.414474 0.430488 0.129386
1 0.746951 0.447917 0.506098 0.149123
1 0.721037 0.361979 0.460366 0.030428
1 0.699085 0.335252 0.385976 0.033443
1 0.322256 0.334430 0.381098 0.035088
1 0.270427 0.545093 0.484756 0.149945
1 0.745732 0.569353 0.479268 0.111842
1 0.278963 0.665022 0.481098 0.109649
1 0.736280 0.662692 0.464024 0.112664
2 0.511890 0.530291 0.965244 0.441612
3 0.421951 0.589638 0.096341 0.030154
3 0.890244 0.590872 0.098780 0.029879
3 0.430793 0.685855 0.090854 0.025219
3 0.861280 0.687911 0.092073 0.026042
