2 0.512500 0.580455 0.975000 0.513432
1 0.129268 0.370203 0.202439 0.089090
1 0.323476 0.372533 0.199390 0.089364
1 0.515854 0.373218 0.193902 0.087993
1 0.709146 0.377604 0.196341 0.087993
1 0.895427 0.377056 0.201829 0.088542
1 0.133841 0.453536 0.200610 0.084156
1 0.323171 0.454359 0.198780 0.081963
1 0.513720 0.456140 0.192073 0.082237
1 0.704268 0.457237 0.197561 0.079496
1 0.889329 0.460115 0.204268 0.081963
1 0.136280 0.531524 0.193293 0.080044
1 0.319512 0.532621 0.191463 0.078947
1 0.507622 0.533854 0.188415 0.079770
1 0.692378 0.535088 0.194512 0.080592
1 0.874695 0.536184 0.199390 0.080592
1 0.140549 0.606497 0.192073 0.076480
1 0.318902 0.607182 0.189024 0.075110
1 0.498476 0.608004 0.182317 0.075110
1 0.681402 0.609101 0.193293 0.075658
1 0.860061 0.611705 0.195732 0.077029
1 0.142988 0.678454 0.185976 0.074013
1 0.321951 0.678180 0.182927 0.074561
1 0.496951 0.679002 0.179268 0.072917
1 0.674695 0.679413 0.181098 0.072094
1 0.849085 0.681880 0.184756 0.070998
1 0.148476 0.746436 0.183537 0.072368
1 0.325305 0.747122 0.181098 0.072094
1 0.496037 0.747259 0.173780 0.070724
1 0.666768 0.747396 0.176220 0.068805
1 0.834756 0.747122 0.176829 0.066064
