0 0.634859 0.163313 0.097077 0.047469
0 0.465251 0.545898 0.105350 0.044326
0 0.895753 0.521377 0.097077 0.044326
0 0.487590 0.865923 0.098180 0.043697
0 0.865968 0.833071 0.091561 0.040868
1 0.477386 0.110814 0.500276 0.197108
1 0.216216 0.128419 0.075014 0.160013
1 0.217044 0.309808 0.364589 0.217856
1 0.549917 0.303992 0.333149 0.206224
1 0.848042 0.294719 0.291782 0.204653
1 0.311087 0.505344 0.507446 0.204024
1 0.765858 0.480038 0.445119 0.194907
1 0.254550 0.679660 0.351351 0.209368
1 0.558467 0.662056 0.297297 0.192392
1 0.827082 0.641779 0.277441 0.180761
1 0.340871 0.837630 0.447876 0.203395
1 0.752344 0.799749 0.404854 0.184219
2 0.513238 0.501415 0.973525 0.987740
