2 0.524695 0.549616 0.820122 0.597588
1 0.382012 0.309759 0.403049 0.101425
1 0.255183 0.432429 0.281098 0.149945
1 0.607317 0.433525 0.487805 0.134046
1 0.683841 0.357730 0.220122 0.026864
1 0.355793 0.553865 0.476220 0.121985
1 0.720122 0.553043 0.273171 0.117050
1 0.278963 0.662007 0.271341 0.109649
1 0.624390 0.657484 0.450000 0.106634
1 0.386585 0.757127 0.448780 0.101974
1 0.719207 0.754386 0.246951 0.098136
0 0.507622 0.773849 0.094512 0.031798
0 0.746951 0.676672 0.090244 0.029331
0 0.486890 0.573465 0.099390 0.031250
0 0.734756 0.459156 0.101220 0.032895
