2 0.492988 0.512336 0.984756 0.587171
1 0.146037 0.280976 0.290854 0.121162
1 0.494817 0.283169 0.282317 0.122807
1 0.816768 0.280976 0.316463 0.121162
1 0.220732 0.396382 0.437805 0.111294
1 0.482317 0.389666 0.125610 0.098410
1 0.757927 0.394874 0.436585 0.112116
1 0.161890 0.501645 0.298171 0.107456
1 0.519512 0.502741 0.259756 0.109649
1 0.809146 0.500411 0.293902 0.105537
1 0.230488 0.589501 0.421951 0.129660
1 0.492073 0.580592 0.129268 0.058114
1 0.755488 0.587582 0.415854 0.128564
1 0.178354 0.696409 0.282317 0.095121
1 0.500610 0.675439 0.246341 0.137061
1 0.805183 0.692023 0.293293 0.102796
0 0.357927 0.423520 0.089024 0.030702
0 0.886280 0.421738 0.093293 0.029879
0 0.365244 0.626234 0.082927 0.026042
0 0.883841 0.625000 0.087195 0.026316
