2 0.429688 0.480793 0.532621 0.925000
1 0.462308 0.186890 0.069353 0.331098
1 0.515488 0.186280 0.059485 0.338415
1 0.240954 0.436890 0.115132 0.378659
1 0.290022 0.436585 0.103070 0.386585
1 0.344024 0.439634 0.100329 0.389024
1 0.391310 0.445732 0.086897 0.379268
1 0.295230 0.186280 0.086075 0.140854
1 0.337719 0.188110 0.078399 0.137195
1 0.378701 0.189329 0.071546 0.148171
1 0.410225 0.187500 0.050164 0.140854
1 0.555510 0.194817 0.031524 0.146951
1 0.591831 0.200305 0.057018 0.146951
1 0.635280 0.203354 0.063871 0.146951
1 0.439419 0.446341 0.067982 0.380488
1 0.492188 0.485671 0.063871 0.310366
1 0.544545 0.450305 0.060033 0.387195
1 0.600603 0.455488 0.066338 0.382927
1 0.656250 0.459451 0.071820 0.392073
1 0.234649 0.707927 0.072368 0.176829
1 0.283306 0.709451 0.067708 0.173780
1 0.333059 0.717988 0.062500 0.182317
1 0.384046 0.717988 0.058662 0.177439
1 0.434759 0.720122 0.058662 0.181707
1 0.487116 0.721037 0.057566 0.179878
1 0.539474 0.724695 0.055373 0.181098
1 0.592105 0.726220 0.060307 0.173171
1 0.644600 0.739939 0.063322 0.173780
