1 0.177723 0.614121 0.228713 0.304321
1 0.351485 0.604078 0.237624 0.289105
1 0.607921 0.608338 0.368317 0.265977
1 0.214356 0.441875 0.331683 0.069385
1 0.514851 0.433354 0.291089 0.059647
1 0.153960 0.345100 0.232673 0.143640
1 0.370792 0.345405 0.216832 0.143031
1 0.574257 0.341753 0.203960 0.136945
1 0.213366 0.208460 0.333663 0.149117
1 0.525248 0.203287 0.292079 0.138771
1 0.314851 0.073646 0.324752 0.130250
0 0.413366 0.112903 0.078218 0.035910
0 0.322277 0.245892 0.074257 0.036519
0 0.612871 0.245587 0.071287 0.037127
2 0.529208 0.729458 0.939604 0.541083
