2 0.500340 0.460018 0.999321 0.598958
1 0.250340 0.243873 0.499321 0.153799
1 0.744226 0.248162 0.502038 0.151348
1 0.242527 0.376379 0.483696 0.129596
1 0.709579 0.379596 0.466712 0.125000
1 0.251019 0.490962 0.458560 0.114277
1 0.689198 0.490196 0.434103 0.107230
1 0.262228 0.592065 0.432065 0.098346
1 0.672215 0.589461 0.404212 0.096201
1 0.272758 0.679075 0.402853 0.092831
1 0.661005 0.675858 0.384511 0.088848
0 0.408967 0.702972 0.081522 0.024816
0 0.771739 0.698223 0.080163 0.023284
0 0.407609 0.620251 0.088315 0.026042
0 0.790421 0.616115 0.086277 0.025735
0 0.404891 0.523284 0.092391 0.028186
0 0.811141 0.522059 0.088315 0.028186
0 0.408288 0.414216 0.097826 0.032475
0 0.842391 0.417126 0.095109 0.030944
0 0.414062 0.288297 0.108016 0.036765
0 0.885870 0.295803 0.100543 0.036458
