2 0.501524 0.524534 0.996951 0.588542
1 0.253354 0.381305 0.505488 0.194079
1 0.742683 0.385554 0.514634 0.193257
1 0.248171 0.541530 0.495122 0.134046
1 0.742683 0.545779 0.514634 0.134868
1 0.248171 0.665159 0.495122 0.118147
1 0.744207 0.667626 0.511585 0.121436
1 0.245427 0.275082 0.488415 0.024945
1 0.746037 0.275630 0.507927 0.026042
1 0.267378 0.254660 0.461585 0.015899
1 0.725305 0.254797 0.462805 0.016173
1 0.288720 0.239995 0.409146 0.016173
1 0.698171 0.239720 0.409756 0.015625
0 0.391768 0.439830 0.137195 0.041393
0 0.392378 0.577303 0.126220 0.037281
0 0.940244 0.579359 0.119512 0.035362
0 0.401829 0.694353 0.117073 0.031798
0 0.913720 0.697368 0.118902 0.031250
