1 0.334027 0.612874 0.237253 0.288591
1 0.616025 0.623551 0.385016 0.269677
1 0.568158 0.478035 0.347555 0.037218
1 0.300208 0.074131 0.350676 0.131178
1 0.201873 0.208664 0.353798 0.152532
1 0.526535 0.207444 0.314256 0.150092
1 0.140999 0.350824 0.244537 0.150092
1 0.363684 0.345638 0.223725 0.143380
1 0.579605 0.345027 0.214360 0.138499
1 0.200312 0.487187 0.338189 0.133618
1 0.522373 0.439597 0.312175 0.059182
1 0.135796 0.619890 0.204995 0.140329
0 0.413111 0.112569 0.077003 0.038438
0 0.314256 0.248322 0.079084 0.037828
0 0.622789 0.249542 0.080125 0.034167
2 0.510406 0.728493 0.979188 0.543014
