2 0.498476 0.450247 0.779878 0.633498
1 0.308537 0.199698 0.404878 0.118695
1 0.312500 0.308936 0.389634 0.113487
1 0.694512 0.309073 0.391463 0.114857
1 0.325305 0.413651 0.377439 0.101974
1 0.686890 0.410225 0.372561 0.101151
1 0.334756 0.508224 0.362195 0.095943
1 0.685366 0.508772 0.358537 0.095943
1 0.342378 0.598273 0.350610 0.089090
1 0.686280 0.597588 0.354268 0.090461
1 0.349390 0.682977 0.343902 0.089090
1 0.680488 0.681332 0.335366 0.089090
0 0.435976 0.230126 0.090244 0.032072
0 0.439329 0.339364 0.084756 0.029057
0 0.814024 0.336760 0.085366 0.029331
0 0.445427 0.439830 0.083537 0.027138
0 0.805793 0.438048 0.083537 0.027412
0 0.450915 0.532895 0.078659 0.025768
0 0.800000 0.532484 0.080488 0.025493
0 0.456098 0.621162 0.078049 0.024671
0 0.792988 0.620751 0.079878 0.024397
0 0.459451 0.704496 0.075000 0.023575
0 0.786585 0.703673 0.076829 0.023026
