1 0.275978 0.122064 0.399144 0.200503
1 0.546149 0.120805 0.149756 0.208893
1 0.796455 0.134648 0.389976 0.251678
1 0.251834 0.362206 0.487775 0.261326
1 0.735024 0.356544 0.492054 0.265101
1 0.182763 0.600252 0.341076 0.232383
1 0.498778 0.596686 0.328851 0.230285
1 0.807763 0.591862 0.322127 0.228188
1 0.268337 0.811032 0.471883 0.207634
1 0.726161 0.804950 0.460880 0.210570
0 0.396699 0.434354 0.108802 0.054950
0 0.881418 0.433935 0.111247 0.057466
0 0.415037 0.865352 0.105134 0.052013
0 0.860330 0.861577 0.104523 0.050336
2 0.507641 0.502517 0.949267 0.990772
