0 0.299688 0.515951 0.081165 0.038037
0 0.309573 0.246012 0.078044 0.036810
0 0.621748 0.244785 0.073881 0.039264
0 0.411550 0.107055 0.073881 0.039877
1 0.302289 0.070552 0.367326 0.138650
1 0.200832 0.205828 0.349636 0.147853
1 0.529136 0.204601 0.319459 0.152761
1 0.136837 0.347239 0.242456 0.154601
1 0.363163 0.345399 0.220604 0.146012
1 0.580125 0.343252 0.215401 0.139264
1 0.197190 0.482209 0.336108 0.136196
1 0.516129 0.440798 0.316337 0.064417
1 0.147763 0.616871 0.226847 0.145399
1 0.324142 0.610123 0.136316 0.141718
1 0.614464 0.620552 0.383975 0.273006
1 0.567118 0.588957 0.360042 0.252761
2 0.521332 0.726687 0.957336 0.546626
