2 0.500915 0.521793 0.998171 0.439967
1 0.284756 0.639254 0.443902 0.106908
1 0.722561 0.640351 0.446341 0.102522
1 0.260671 0.536458 0.478659 0.117325
1 0.725610 0.536732 0.468293 0.117873
1 0.253049 0.407072 0.495122 0.157895
1 0.746341 0.406250 0.507317 0.156250
1 0.293293 0.316886 0.437805 0.025768
1 0.715244 0.316612 0.443902 0.024671
0 0.421951 0.460663 0.106098 0.033169
0 0.895427 0.457511 0.111585 0.032346
0 0.420427 0.573465 0.101829 0.030154
0 0.867378 0.572917 0.103049 0.029605
0 0.433537 0.672560 0.097561 0.025493
0 0.856707 0.672149 0.096341 0.025768
