2 0.514939 0.454084 0.970122 0.441612
1 0.189329 0.333882 0.303049 0.155154
1 0.462195 0.332374 0.290244 0.155976
1 0.463415 0.249315 0.234146 0.019463
1 0.729268 0.245614 0.326829 0.014254
1 0.760366 0.254523 0.373171 0.016173
1 0.791768 0.333196 0.416463 0.148300
1 0.271646 0.466831 0.415244 0.118969
1 0.593293 0.463268 0.263415 0.120614
1 0.854268 0.461075 0.281707 0.118969
1 0.218598 0.576891 0.267683 0.107730
1 0.467073 0.571957 0.252439 0.111568
1 0.775610 0.572231 0.375610 0.109375
0 0.910671 0.372259 0.093293 0.030154
0 0.393293 0.498218 0.085366 0.024945
0 0.871341 0.598273 0.084146 0.024945
