2 0.490549 0.537418 0.834756 0.588542
1 0.303354 0.305510 0.215244 0.096765
1 0.640244 0.307566 0.490244 0.123355
1 0.375000 0.418311 0.468293 0.131579
1 0.732927 0.422012 0.253659 0.115406
1 0.276220 0.537007 0.258537 0.110197
1 0.623171 0.532072 0.453659 0.111294
1 0.383537 0.638432 0.442683 0.105811
1 0.718598 0.631442 0.233537 0.099507
1 0.299390 0.735746 0.242683 0.100329
1 0.619207 0.729030 0.418902 0.101700
0 0.744512 0.755757 0.086585 0.025768
0 0.517988 0.667626 0.092073 0.027686
0 0.755183 0.565652 0.092073 0.028783
0 0.526220 0.463542 0.091463 0.029605
0 0.794512 0.348821 0.096341 0.032072
