2 0.501524 0.584978 0.996951 0.656250
1 0.190549 0.363898 0.378659 0.210252
1 0.478659 0.365680 0.208537 0.209430
1 0.683232 0.367325 0.215244 0.211075
1 0.885671 0.366639 0.215244 0.209704
1 0.119512 0.567845 0.213415 0.200932
1 0.317683 0.567160 0.209756 0.200110
1 0.517378 0.567708 0.203049 0.199013
1 0.792378 0.566886 0.365244 0.199013
1 0.867683 0.757812 0.203659 0.189419
1 0.665854 0.757950 0.195122 0.191338
1 0.469512 0.758772 0.197561 0.190789
1 0.205183 0.760005 0.356707 0.188871
0 0.303049 0.827166 0.086585 0.026590
0 0.885976 0.637747 0.086585 0.028235
0 0.296037 0.439282 0.089634 0.030428
