2 0.493293 0.535636 0.931707 0.597039
1 0.219207 0.340323 0.351829 0.197094
1 0.489024 0.342654 0.192683 0.197917
1 0.671341 0.343750 0.198780 0.194079
1 0.851524 0.345943 0.195732 0.190789
1 0.152439 0.524123 0.198780 0.182018
1 0.330488 0.523575 0.189024 0.180921
1 0.511280 0.524945 0.190854 0.178728
1 0.771646 0.526590 0.333537 0.179276
1 0.225305 0.695587 0.322561 0.171875
1 0.472866 0.695724 0.179878 0.170504
1 0.644512 0.696409 0.185366 0.168037
1 0.820122 0.695724 0.189024 0.169408
0 0.321037 0.762747 0.081098 0.026042
0 0.856707 0.595806 0.079268 0.025493
0 0.320732 0.415981 0.079268 0.027686
