0 0.418153 0.352860 0.093389 0.054428
0 0.828437 0.342712 0.097587 0.052583
0 0.434942 0.905443 0.095488 0.045203
0 0.826338 0.897140 0.097587 0.043358
1 0.217209 0.055812 0.270724 0.091328
1 0.461175 0.054889 0.248688 0.087638
1 0.686779 0.050277 0.288562 0.091328
1 0.271773 0.245387 0.447009 0.326568
1 0.711438 0.240775 0.453305 0.319188
1 0.195173 0.587638 0.354669 0.398524
1 0.505247 0.584871 0.326338 0.392989
1 0.806925 0.571956 0.369360 0.396679
1 0.296957 0.863469 0.432319 0.186347
1 0.723505 0.850092 0.433368 0.189114
2 0.503673 0.506919 0.975866 0.986162
