2 0.492988 0.466694 0.960366 0.590186
1 0.361890 0.236979 0.277439 0.128015
1 0.237195 0.348958 0.448780 0.118969
1 0.733841 0.352111 0.472561 0.118695
1 0.145122 0.458333 0.257317 0.111842
1 0.376220 0.459430 0.242683 0.111294
1 0.606707 0.457922 0.235366 0.112664
1 0.837805 0.459841 0.251220 0.110471
1 0.259451 0.557292 0.425000 0.105811
1 0.735976 0.558388 0.426829 0.105263
1 0.181402 0.649808 0.238415 0.092928
1 0.394817 0.648300 0.225000 0.097588
1 0.600915 0.648986 0.220122 0.094572
1 0.814939 0.650082 0.228659 0.095121
0 0.347561 0.371848 0.093902 0.031524
0 0.856098 0.373081 0.100000 0.031798
0 0.372256 0.572917 0.088415 0.027412
0 0.841159 0.575795 0.089634 0.027686
