1 0.558014 0.585366 0.325467 0.251220
1 0.164700 0.611585 0.221239 0.140244
1 0.339233 0.606098 0.133727 0.136585
1 0.211898 0.476220 0.319567 0.134146
1 0.512291 0.432622 0.294985 0.064024
1 0.159784 0.344207 0.225172 0.148171
1 0.369715 0.343293 0.208456 0.141463
1 0.569813 0.339024 0.201573 0.136585
1 0.219272 0.205488 0.320551 0.151220
1 0.521141 0.201220 0.289086 0.147561
1 0.306293 0.071646 0.347099 0.129878
0 0.409538 0.108841 0.075713 0.035976
0 0.321534 0.244817 0.076696 0.037195
0 0.608653 0.242988 0.070796 0.037195
0 0.311209 0.512500 0.077679 0.034756
2 0.534907 0.720732 0.930187 0.550000
