2 0.462805 0.499452 0.867073 0.530702
1 0.239329 0.594161 0.421341 0.231634
1 0.272866 0.468887 0.379878 0.041393
1 0.296951 0.442708 0.336585 0.036184
1 0.543598 0.595943 0.245732 0.233004
1 0.759451 0.592791 0.268902 0.254112
1 0.739024 0.455181 0.186585 0.035910
1 0.239634 0.418037 0.185366 0.025768
1 0.394817 0.422012 0.135976 0.024945
1 0.570732 0.373629 0.243902 0.228070
1 0.320122 0.326206 0.313415 0.175987
1 0.729573 0.344846 0.198171 0.192982
1 0.561280 0.252056 0.179878 0.026042
0 0.335976 0.682977 0.096341 0.028783
