0 0.775811 0.735133 0.090462 0.044296
0 0.321042 0.248180 0.077679 0.041262
0 0.609145 0.246966 0.071780 0.035194
0 0.410029 0.114078 0.070796 0.036408
1 0.308751 0.074333 0.326450 0.134102
1 0.218289 0.209041 0.326450 0.149879
1 0.520157 0.206917 0.298918 0.144417
1 0.154376 0.348908 0.234022 0.143204
1 0.367748 0.347087 0.212389 0.140777
1 0.568830 0.341930 0.199607 0.137743
1 0.204031 0.483313 0.333333 0.140170
1 0.508850 0.438107 0.294002 0.055825
1 0.147001 0.608920 0.213373 0.155947
1 0.349066 0.604976 0.235988 0.291262
1 0.660275 0.639867 0.406096 0.294296
1 0.592920 0.480583 0.369715 0.053398
2 0.530482 0.726638 0.939036 0.545510
