2 0.539634 0.583470 0.832927 0.461349
1 0.326524 0.435718 0.373780 0.130757
1 0.730488 0.458882 0.432927 0.149123
1 0.694207 0.377604 0.365244 0.015625
1 0.297866 0.364857 0.222561 0.018640
1 0.507012 0.363487 0.212805 0.019189
1 0.711280 0.363898 0.245732 0.020011
1 0.262195 0.575658 0.278049 0.152412
1 0.524390 0.574424 0.278049 0.156524
1 0.795427 0.591283 0.276220 0.122807
1 0.320427 0.705866 0.395732 0.115132
1 0.713720 0.706552 0.398171 0.114309
0 0.436280 0.472314 0.085976 0.024123
0 0.839939 0.499315 0.100610 0.031524
0 0.434756 0.736431 0.091463 0.028235
0 0.819817 0.736705 0.089634 0.027138
