2 0.498780 0.596765 0.996341 0.618969
1 0.116768 0.351837 0.232317 0.112116
1 0.343598 0.351700 0.249390 0.115680
1 0.585976 0.352385 0.254878 0.121985
1 0.841768 0.351974 0.276220 0.121711
1 0.224390 0.460389 0.437805 0.110471
1 0.746341 0.467242 0.467073 0.117599
1 0.142378 0.560444 0.237195 0.108279
1 0.364329 0.565789 0.240854 0.110197
1 0.595122 0.568805 0.245122 0.115132
1 0.840549 0.577166 0.261585 0.115954
1 0.256402 0.660088 0.421341 0.109649
1 0.736585 0.675713 0.450000 0.118421
1 0.169207 0.747396 0.221341 0.101151
1 0.378354 0.755757 0.227439 0.103070
1 0.593902 0.767133 0.234146 0.112116
1 0.823476 0.776727 0.249390 0.112116
0 0.863720 0.705866 0.096951 0.032895
0 0.352134 0.486705 0.094512 0.033169
0 0.896037 0.496025 0.106707 0.033169
0 0.378049 0.685855 0.087805 0.031250
