0 0.634324 0.166330 0.094223 0.045501
0 0.413068 0.552747 0.100393 0.041119
0 0.865676 0.545163 0.103758 0.041456
0 0.446999 0.894338 0.096467 0.041456
0 0.854739 0.888271 0.094223 0.038086
1 0.496074 0.111223 0.432417 0.195484
1 0.169658 0.310752 0.338194 0.213010
1 0.480931 0.306876 0.332586 0.211325
1 0.800056 0.298450 0.315760 0.214695
1 0.272855 0.504550 0.470555 0.196158
1 0.726304 0.496967 0.458777 0.193124
1 0.223219 0.683856 0.305104 0.185372
1 0.510095 0.680654 0.310151 0.189754
1 0.798093 0.676104 0.307347 0.182002
1 0.312395 0.852208 0.439708 0.170206
1 0.727426 0.845804 0.440830 0.170880
2 0.493550 0.503707 0.972518 0.985170
