1 0.257965 0.297274 0.502515 0.460818
1 0.628284 0.276193 0.262717 0.473169
1 0.771381 0.194847 0.093907 0.328365
<<<<<<< HEAD
=======
1 0.916713 0.278748 0.160984 0.128194
1 0.908329 0.152470 0.183343 0.134583
1 0.904695 0.051746 0.190609 0.097530
1 0.917831 0.396295 0.164338 0.115417
>>>>>>> 8225f8034050537f85a264a70364ab9bb46ba31b
1 0.187814 0.713160 0.299609 0.393101
1 0.436277 0.701661 0.263276 0.396508
1 0.777809 0.643101 0.433203 0.458262
0 0.401342 0.447189 0.114030 0.063884
0 0.889324 0.807496 0.107323 0.063032
2 0.501397 0.498722 0.997205 0.996593
<<<<<<< HEAD
1 0.829234 0.389480 0.173840 0.066865
=======
>>>>>>> 8225f8034050537f85a264a70364ab9bb46ba31b
