1 0.564805 0.590549 0.368809 0.256707
1 0.298209 0.072866 0.360379 0.132317
1 0.192308 0.208232 0.355111 0.146951
1 0.525817 0.205793 0.320337 0.142073
1 0.131191 0.350305 0.245522 0.148171
1 0.359326 0.345427 0.227608 0.143293
1 0.577977 0.342378 0.222339 0.139634
1 0.186512 0.480488 0.339305 0.141463
1 0.515806 0.436585 0.321391 0.058537
1 0.139094 0.614329 0.229715 0.142073
1 0.319810 0.609756 0.142255 0.142683
0 0.407271 0.110671 0.079031 0.037195
0 0.307692 0.247561 0.082192 0.039024
0 0.619600 0.246037 0.075869 0.037195
0 0.296101 0.515854 0.077977 0.034146
2 0.518967 0.727439 0.962065 0.545122
