0 0.394548 0.542933 0.106278 0.054643
0 0.851872 0.543550 0.109031 0.050945
0 0.414648 0.909203 0.093612 0.041906
0 0.800661 0.906327 0.096916 0.045193
1 0.272852 0.151191 0.408040 0.234182
1 0.292126 0.023007 0.349670 0.038620
1 0.668778 0.153451 0.401432 0.234593
1 0.633260 0.026089 0.344714 0.034100
1 0.791575 0.216927 0.380507 0.318817
1 0.250551 0.445563 0.491189 0.295399
1 0.279736 0.283484 0.412996 0.039441
1 0.549009 0.280403 0.151982 0.048891
1 0.721641 0.443714 0.479626 0.294166
1 0.192731 0.692482 0.330396 0.209121
1 0.486233 0.684881 0.294053 0.202958
1 0.777808 0.682210 0.316630 0.202547
1 0.284141 0.865448 0.424009 0.179540
1 0.689152 0.861339 0.405837 0.178718
2 0.501652 0.506368 0.996696 0.987264
