1 0.297525 0.076431 0.341584 0.137028
1 0.216337 0.208283 0.329703 0.149817
1 0.520792 0.206456 0.302970 0.147381
1 0.157921 0.350792 0.226733 0.142509
1 0.370297 0.347442 0.209901 0.138246
1 0.572772 0.343179 0.204950 0.138246
1 0.208911 0.442144 0.320792 0.057247
1 0.511881 0.435445 0.293069 0.058465
1 0.325248 0.652253 0.373267 0.303289
1 0.658416 0.646468 0.306931 0.300244
1 0.832673 0.694884 0.334653 0.356882
1 0.176238 0.615713 0.219802 0.305725
1 0.347525 0.487211 0.235644 0.054811
1 0.595545 0.478380 0.408911 0.050548
0 0.411386 0.114190 0.074257 0.035932
0 0.320792 0.247564 0.077228 0.038368
0 0.609901 0.247259 0.073267 0.038977
0 0.756931 0.810292 0.044554 0.062728
2 0.526238 0.730512 0.947525 0.538977
