2 0.500305 0.588816 0.999390 0.442982
1 0.153659 0.688322 0.248780 0.097588
1 0.385061 0.688596 0.238415 0.103070
1 0.616768 0.688734 0.239634 0.102796
1 0.855183 0.688185 0.249390 0.100055
1 0.242378 0.591146 0.455488 0.108827
1 0.769207 0.592242 0.461585 0.107730
1 0.857927 0.467105 0.284146 0.150219
1 0.621037 0.467654 0.259146 0.149671
1 0.367073 0.466831 0.267073 0.148575
1 0.156707 0.467105 0.304878 0.151316
1 0.300610 0.386650 0.373171 0.020011
1 0.729268 0.385005 0.382927 0.018366
0 0.375000 0.614446 0.101220 0.030428
0 0.899695 0.613076 0.094512 0.028783
