2 0.516159 0.513021 0.967683 0.529331
1 0.210671 0.318668 0.305488 0.128015
1 0.554878 0.322505 0.286585 0.139529
1 0.832317 0.319216 0.285366 0.134594
1 0.184146 0.446820 0.286585 0.136513
1 0.442378 0.440789 0.268902 0.146930
1 0.767073 0.447917 0.396341 0.126096
1 0.250915 0.568531 0.385976 0.114035
1 0.560671 0.564693 0.257927 0.114583
1 0.812500 0.562774 0.260366 0.115132
1 0.214329 0.675302 0.259146 0.107730
1 0.451829 0.671601 0.245122 0.105811
1 0.751220 0.669271 0.364634 0.105537
0 0.863110 0.700384 0.078659 0.024671
0 0.377439 0.605948 0.085366 0.025493
0 0.882012 0.490406 0.087195 0.027412
