2 0.472866 0.602522 0.938415 0.584978
1 0.265854 0.370751 0.254878 0.117599
1 0.573171 0.365406 0.381707 0.105263
1 0.315549 0.529605 0.556707 0.162829
1 0.337500 0.438734 0.472561 0.027686
1 0.464329 0.422697 0.192073 0.023575
1 0.667378 0.423657 0.226220 0.023849
1 0.726829 0.526042 0.330488 0.182566
1 0.196037 0.670504 0.296951 0.123355
1 0.609146 0.672149 0.534146 0.125548
0 0.756098 0.706689 0.112195 0.034539
0 0.482012 0.576069 0.117683 0.037007
0 0.460976 0.813185 0.106098 0.030976
1 0.309756 0.783580 0.503659 0.115954
1 0.704878 0.784677 0.285366 0.115406
