1 0.561753 0.587379 0.342629 0.257282
1 0.299801 0.077670 0.350598 0.133495
1 0.205179 0.210862 0.346614 0.146238
1 0.519920 0.208738 0.294821 0.141990
1 0.149402 0.352549 0.239044 0.144417
1 0.369522 0.348908 0.209163 0.139563
1 0.571713 0.345267 0.203187 0.138350
1 0.204681 0.484527 0.331673 0.136529
1 0.519422 0.439624 0.303785 0.056432
1 0.155378 0.616201 0.231076 0.145024
1 0.332171 0.608617 0.136454 0.141990
0 0.410857 0.116201 0.072709 0.035801
0 0.318227 0.249393 0.074701 0.036408
0 0.610558 0.249697 0.071713 0.037015
0 0.308267 0.516687 0.074701 0.035801
2 0.526892 0.724515 0.946215 0.550971
