0 0.302571 0.305656 0.142332 0.062211
0 0.884298 0.601799 0.124885 0.049871
0 0.407713 0.908483 0.130395 0.055527
1 0.208907 0.177892 0.412305 0.351671
1 0.519743 0.178149 0.336088 0.340874
1 0.786961 0.181491 0.303030 0.341388
1 0.131772 0.512596 0.261708 0.330077
1 0.375574 0.497943 0.334252 0.335733
1 0.740588 0.496144 0.502296 0.319794
1 0.259412 0.807198 0.513315 0.317738
1 0.608815 0.791774 0.308540 0.302314
1 0.863177 0.779434 0.273646 0.299229
<<<<<<< HEAD
=======
2 0.502755 0.500257 0.994490 0.999486
>>>>>>> 8225f8034050537f85a264a70364ab9bb46ba31b
