2 0.507317 0.533306 0.823171 0.607730
1 0.375305 0.294545 0.498171 0.130208
1 0.758232 0.294819 0.281098 0.126371
1 0.283232 0.416804 0.276220 0.121985
1 0.645427 0.413788 0.468902 0.118695
1 0.396646 0.526042 0.462805 0.111842
1 0.739634 0.525219 0.257317 0.111842
1 0.306707 0.630345 0.256098 0.101151
1 0.642988 0.626096 0.440854 0.103618
1 0.402439 0.723273 0.426829 0.096765
1 0.725915 0.719435 0.233537 0.096765
0 0.532622 0.743421 0.088415 0.026316
0 0.774390 0.650356 0.091463 0.027138
0 0.542683 0.552083 0.096341 0.030154
0 0.788415 0.440515 0.098780 0.030702
