2 0.501096 0.502439 0.527961 0.985366
1 0.300987 0.455488 0.126645 0.365854
1 0.305921 0.761280 0.123355 0.246951
1 0.321272 0.242683 0.071820 0.079268
1 0.415707 0.215854 0.128564 0.340244
1 0.427769 0.035671 0.100603 0.037195
1 0.541941 0.220122 0.129386 0.342683
1 0.526179 0.038110 0.103344 0.042073
1 0.621436 0.041159 0.121162 0.042073
1 0.653372 0.223171 0.159265 0.342683
1 0.420093 0.516159 0.125822 0.270122
1 0.538651 0.519207 0.121162 0.272561
1 0.656524 0.523171 0.127193 0.274390
1 0.306880 0.759451 0.126371 0.251829
1 0.419819 0.758841 0.116502 0.249390
1 0.532209 0.764329 0.114857 0.240854
1 0.643503 0.766768 0.118147 0.237195
