2 0.532012 0.521382 0.890854 0.558114
1 0.277744 0.338679 0.331098 0.181743
1 0.528354 0.339775 0.178659 0.180647
1 0.698171 0.340186 0.191463 0.181469
1 0.866768 0.341968 0.195732 0.180099
1 0.209756 0.509457 0.190244 0.170779
1 0.375000 0.510691 0.173171 0.169408
1 0.540244 0.511239 0.174390 0.170504
1 0.774390 0.513158 0.324390 0.168311
1 0.277134 0.669682 0.312805 0.160088
1 0.508232 0.669271 0.168902 0.157621
1 0.665854 0.673246 0.170732 0.160636
1 0.826524 0.671601 0.176220 0.156250
0 0.360671 0.725603 0.084756 0.026316
0 0.857622 0.574150 0.090854 0.027138
0 0.376829 0.404331 0.085366 0.027961
