1 0.209759 0.170228 0.200253 0.333808
1 0.400507 0.168091 0.191381 0.335233
1 0.654626 0.150285 0.333333 0.298670
1 0.563688 0.316239 0.167934 0.058879
1 0.737326 0.318851 0.218631 0.066002
1 0.273447 0.370845 0.404943 0.067426
1 0.659379 0.364198 0.393536 0.062678
1 0.148923 0.658120 0.288973 0.531814
1 0.390684 0.652422 0.261724 0.518519
1 0.728137 0.421890 0.447402 0.069801
1 0.756020 0.677588 0.481622 0.468186
0 0.863435 0.858025 0.119772 0.062678
0 0.727503 0.254511 0.078580 0.044634
2 0.500317 0.498813 0.994297 0.992877
