2 0.482317 0.491502 0.963415 0.397478
1 0.250000 0.597862 0.470732 0.078399
1 0.705488 0.597177 0.465854 0.077577
1 0.242378 0.505620 0.483537 0.111020
1 0.718598 0.504660 0.492073 0.112390
1 0.244512 0.439145 0.464634 0.026864
1 0.710976 0.438185 0.471951 0.024397
1 0.702134 0.415159 0.442073 0.024397
1 0.260061 0.415981 0.449390 0.024945
1 0.478963 0.363898 0.448171 0.104441
1 0.474390 0.307292 0.426829 0.014254
1 0.169817 0.396107 0.203049 0.020285
1 0.179878 0.378701 0.176829 0.019463
1 0.185976 0.361979 0.165854 0.017818
1 0.193902 0.346765 0.143902 0.014803
1 0.201220 0.332785 0.124390 0.015351
1 0.211280 0.320861 0.114024 0.016173
1 0.791768 0.395148 0.214024 0.021107
1 0.787805 0.377193 0.196341 0.019189
1 0.769207 0.360883 0.164024 0.017818
1 0.764939 0.345395 0.154268 0.016996
1 0.757927 0.331963 0.150000 0.015351
1 0.748780 0.319216 0.136585 0.017270
3 0.621951 0.383498 0.102439 0.031798
3 0.394817 0.529742 0.115244 0.030428
3 0.396341 0.606086 0.109756 0.029057
3 0.868598 0.608690 0.107927 0.027686
3 0.871646 0.524945 0.117683 0.030154
