2 0.568293 0.504249 0.863415 0.662555
1 0.572256 0.241639 0.390854 0.132401
0 0.680793 0.271107 0.085976 0.028509
1 0.350000 0.371162 0.403659 0.135965
1 0.751524 0.364309 0.407927 0.137061
0 0.854268 0.398300 0.092683 0.030154
1 0.290244 0.497396 0.285366 0.124726
1 0.552744 0.493284 0.267683 0.123629
1 0.813720 0.486157 0.268902 0.125822
1 0.365854 0.611157 0.381707 0.117599
1 0.734146 0.602248 0.373171 0.116776
0 0.471951 0.636787 0.084146 0.025768
0 0.831098 0.627741 0.085366 0.025219
1 0.318598 0.718476 0.262805 0.111842
1 0.560671 0.712445 0.250610 0.109101
1 0.805183 0.704633 0.251829 0.110471
