2 0.495427 0.486020 0.989634 0.663925
1 0.689634 0.260965 0.587805 0.194079
1 0.674390 0.432018 0.550000 0.168860
1 0.678659 0.579907 0.497561 0.149397
1 0.249085 0.503564 0.407927 0.158443
1 0.267073 0.410773 0.325610 0.044134
1 0.222256 0.668448 0.442073 0.191064
1 0.655793 0.707100 0.459146 0.134594
0 0.844817 0.317023 0.128659 0.044134
0 0.813110 0.481634 0.118902 0.037829
0 0.379878 0.555647 0.091463 0.030154
0 0.800000 0.627193 0.110976 0.033991
0 0.774695 0.746573 0.105488 0.030428
0 0.343902 0.737802 0.101220 0.030428
