1 0.284884 0.223288 0.415698 0.312329
1 0.308866 0.040411 0.364826 0.061644
1 0.680959 0.144521 0.347384 0.278082
<<<<<<< HEAD
=======
1 0.904797 0.117808 0.181686 0.189041
1 0.907703 0.271918 0.175872 0.220548
>>>>>>> 8225f8034050537f85a264a70364ab9bb46ba31b
1 0.752180 0.283562 0.251453 0.073973
1 0.564680 0.259589 0.149709 0.130137
1 0.298692 0.371233 0.422965 0.123288
1 0.704942 0.367808 0.418605 0.116438
1 0.261628 0.641781 0.488372 0.442466
1 0.734738 0.634247 0.484012 0.438356
0 0.412791 0.786301 0.113372 0.073973
0 0.878634 0.786986 0.111919 0.072603
2 0.502180 0.493151 0.969477 0.969863
