1 0.186304 0.457776 0.326284 0.360368
1 0.668681 0.575251 0.457200 0.411371
1 0.746727 0.651756 0.506546 0.475753
1 0.122860 0.113294 0.225579 0.204849
1 0.332830 0.117475 0.208459 0.203177
1 0.538268 0.118729 0.214502 0.200669
1 0.172709 0.252508 0.311178 0.080268
1 0.474320 0.301003 0.308157 0.182274
1 0.377140 0.479097 0.085599 0.183946
1 0.439577 0.479515 0.055388 0.181438
0 0.279456 0.588629 0.081571 0.053512
0 0.559919 0.351171 0.072508 0.045151
0 0.882175 0.824415 0.110775 0.063545
2 0.505035 0.640886 0.989930 0.718227
