1 0.220456 0.142025 0.222555 0.270940
1 0.403119 0.135288 0.209958 0.264749
1 0.649970 0.123270 0.336533 0.245812
1 0.168566 0.508740 0.301140 0.397669
1 0.412418 0.504552 0.290942 0.395120
1 0.317037 0.289148 0.379724 0.048070
1 0.689862 0.275856 0.379124 0.042607
1 0.718056 0.314822 0.419916 0.047706
1 0.755849 0.508376 0.488302 0.363438
1 0.302939 0.830117 0.449910 0.281500
1 0.626875 0.823562 0.247151 0.279315
1 0.859028 0.818645 0.239952 0.270940
0 0.434913 0.926074 0.111578 0.047342
0 0.888722 0.640750 0.113377 0.046977
2 0.508398 0.500546 0.983203 0.998908
