1 0.329365 0.605922 0.238095 0.286325
1 0.290179 0.073871 0.330357 0.134310
1 0.200893 0.205433 0.320437 0.148352
1 0.507440 0.204823 0.302579 0.145910
1 0.143353 0.348596 0.223214 0.145299
1 0.354663 0.344933 0.207341 0.137973
1 0.557540 0.342186 0.198413 0.134921
1 0.197421 0.478327 0.311508 0.144689
1 0.499504 0.432540 0.296627 0.057998
1 0.139385 0.619963 0.191468 0.149573
1 0.627480 0.705128 0.310516 0.362637
1 0.836806 0.695360 0.318452 0.352869
0 0.397321 0.111722 0.072421 0.036630
0 0.306548 0.245116 0.073413 0.036020
0 0.596726 0.244811 0.068452 0.035409
0 0.541171 0.818987 0.036706 0.062882
2 0.525794 0.723748 0.948413 0.552503
