2 0.512805 0.542763 0.914634 0.699561
1 0.261890 0.272341 0.235976 0.115406
1 0.639634 0.273163 0.571951 0.154331
1 0.331098 0.407209 0.546341 0.148300
1 0.750610 0.412418 0.297561 0.136239
1 0.235366 0.542078 0.293902 0.126371
1 0.621646 0.539748 0.520122 0.128289
1 0.351829 0.657621 0.496341 0.118421
1 0.727744 0.655154 0.268902 0.115680
1 0.253049 0.761376 0.267073 0.100603
1 0.614634 0.758498 0.467073 0.101974
0 0.752744 0.781935 0.095732 0.027138
0 0.504878 0.685855 0.102439 0.030154
0 0.762805 0.566475 0.104878 0.031524
0 0.486280 0.446135 0.107927 0.035362
0 0.796646 0.306195 0.116463 0.038925
