2 0.466768 0.510005 0.906707 0.539748
1 0.177134 0.317982 0.321341 0.145833
1 0.532012 0.314419 0.432317 0.144737
1 0.289024 0.450795 0.436585 0.139529
1 0.705183 0.438048 0.421341 0.146382
1 0.240244 0.573876 0.292683 0.121436
1 0.503354 0.569490 0.272561 0.122533
1 0.762500 0.566475 0.267683 0.121436
1 0.326220 0.683114 0.389024 0.110746
1 0.698476 0.676261 0.371341 0.108553
0 0.456707 0.716009 0.084146 0.024671
0 0.816463 0.709293 0.082927 0.024945
0 0.440549 0.493558 0.094512 0.029331
0 0.839329 0.489309 0.092073 0.029605
0 0.679573 0.363624 0.094512 0.031524
