2 0.496646 0.516584 0.990854 0.564967
1 0.239329 0.312774 0.472561 0.125548
1 0.710671 0.312774 0.484756 0.131579
1 0.247561 0.430373 0.475610 0.117325
1 0.702134 0.428180 0.477439 0.111294
1 0.255488 0.530565 0.454878 0.099507
1 0.698476 0.529879 0.445732 0.098136
1 0.268902 0.623218 0.440244 0.090735
1 0.689329 0.620614 0.426220 0.087719
1 0.278049 0.709156 0.412195 0.084978
1 0.682317 0.706003 0.402439 0.084704
0 0.392378 0.720121 0.103049 0.029057
0 0.787805 0.717654 0.100000 0.029605
0 0.388110 0.636102 0.106707 0.032072
0 0.796646 0.635143 0.106707 0.031798
0 0.386585 0.546190 0.109756 0.034265
0 0.807317 0.544956 0.113415 0.034539
0 0.375915 0.444901 0.120122 0.037281
0 0.818598 0.445724 0.114024 0.037829
0 0.365549 0.336623 0.117683 0.038925
0 0.833537 0.336349 0.119512 0.039474
