2 0.479573 0.516173 0.787195 0.501645
1 0.353659 0.344161 0.509756 0.142270
1 0.634756 0.320998 0.225610 0.109649
1 0.239329 0.466968 0.275000 0.117050
1 0.609451 0.458745 0.477439 0.135691
1 0.693902 0.381442 0.208537 0.020559
1 0.345732 0.576343 0.459756 0.104989
1 0.700305 0.575521 0.246951 0.103344
1 0.251220 0.674342 0.247561 0.094298
1 0.585671 0.673246 0.438415 0.096491
0 0.718902 0.694627 0.090244 0.025219
0 0.494207 0.600603 0.094512 0.027961
0 0.762500 0.494655 0.100610 0.030976
0 0.524390 0.380208 0.101220 0.034539
