2 0.496646 0.581277 0.951829 0.476700
1 0.257927 0.444353 0.471951 0.150768
1 0.726220 0.446135 0.481707 0.153783
1 0.279878 0.366776 0.423171 0.019737
1 0.690244 0.371162 0.410976 0.020285
1 0.658841 0.357867 0.355488 0.013432
1 0.296951 0.351974 0.360976 0.013158
1 0.250610 0.570724 0.454878 0.120614
1 0.709451 0.575932 0.457927 0.117873
1 0.253963 0.680099 0.439634 0.112390
1 0.684451 0.683388 0.433537 0.108553
0 0.405793 0.705866 0.096951 0.028509
0 0.822256 0.709567 0.096951 0.028783
0 0.854573 0.603481 0.101829 0.030428
0 0.405793 0.598821 0.099390 0.031524
0 0.422561 0.483690 0.102439 0.033169
0 0.876524 0.487939 0.109146 0.033443
