0 0.777168 0.732502 0.082752 0.039562
0 0.310070 0.246196 0.073779 0.034693
0 0.602193 0.245283 0.071785 0.036519
0 0.399801 0.111077 0.069791 0.034693
1 0.288136 0.074559 0.340977 0.132075
1 0.203390 0.205417 0.327019 0.147900
1 0.512463 0.203591 0.291127 0.146683
1 0.144566 0.349970 0.227318 0.141205
1 0.358923 0.346013 0.211366 0.139379
1 0.562812 0.341144 0.202393 0.134510
1 0.197906 0.438527 0.320040 0.060256
1 0.505982 0.432745 0.294118 0.057212
1 0.307079 0.649422 0.382851 0.305539
1 0.662014 0.638162 0.388833 0.292757
1 0.160518 0.492696 0.219342 0.065125
1 0.340479 0.482349 0.234297 0.046865
1 0.584247 0.477480 0.402792 0.048083
2 0.515454 0.726719 0.969093 0.546561
