0 0.608157 0.249473 0.074358 0.041462
0 0.833033 0.893359 0.108607 0.046030
1 0.148716 0.715741 0.285714 0.536894
1 0.404011 0.704322 0.287066 0.529515
1 0.237945 0.412509 0.370437 0.099789
1 0.144885 0.185699 0.207751 0.362966
1 0.324020 0.178320 0.191978 0.354533
1 0.546868 0.147400 0.320415 0.294097
1 0.481298 0.321328 0.149617 0.073436
1 0.620775 0.317463 0.207751 0.076247
1 0.579315 0.389494 0.373592 0.084680
1 0.238396 0.412157 0.376746 0.093465
1 0.748761 0.728742 0.502479 0.449754
1 0.684317 0.471363 0.457413 0.112087
<<<<<<< HEAD
=======
1 0.856467 0.141075 0.287066 0.145116
1 0.821767 0.269677 0.156377 0.115601
1 0.860523 0.368236 0.265435 0.116655
2 0.493466 0.494202 0.986030 0.987702
>>>>>>> 8225f8034050537f85a264a70364ab9bb46ba31b
