0 0.412055 0.111416 0.073123 0.037241
0 0.323123 0.245421 0.075099 0.037851
0 0.612648 0.245116 0.071146 0.034799
0 0.554348 0.823260 0.035573 0.059219
1 0.310771 0.070513 0.334980 0.139805
1 0.218379 0.204518 0.330040 0.150183
1 0.524704 0.203297 0.292490 0.144078
1 0.158103 0.348596 0.235178 0.146520
1 0.373024 0.344933 0.210474 0.146520
1 0.575099 0.338217 0.201581 0.141636
1 0.210968 0.442308 0.321146 0.068987
1 0.514822 0.432845 0.296443 0.064713
1 0.175889 0.613553 0.231225 0.307692
1 0.352273 0.603175 0.240119 0.293040
1 0.632411 0.704212 0.314229 0.363248
1 0.842391 0.687424 0.303360 0.367521
1 0.656126 0.492369 0.486166 0.071429
2 0.527668 0.724969 0.944664 0.550061
