2 0.500305 0.561541 0.999390 0.695998
1 0.483841 0.289611 0.321341 0.132401
1 0.803049 0.284677 0.286585 0.142270
1 0.188110 0.415570 0.375000 0.139254
1 0.504878 0.419819 0.279268 0.140077
1 0.786280 0.422423 0.306707 0.145285
1 0.132012 0.538925 0.262805 0.128838
1 0.379878 0.543997 0.265854 0.132401
1 0.716463 0.556195 0.435366 0.143092
1 0.205183 0.658032 0.367683 0.134046
1 0.504268 0.668037 0.260976 0.129386
1 0.767378 0.679550 0.289634 0.137061
1 0.156707 0.762061 0.243902 0.125548
1 0.389024 0.772752 0.257317 0.128838
1 0.700000 0.791667 0.404878 0.140899
0 0.777744 0.825658 0.095732 0.034539
0 0.307317 0.689282 0.089024 0.030976
0 0.799695 0.595669 0.099390 0.034539
0 0.270122 0.457237 0.092683 0.033443
