2 0.500915 0.520696 0.998171 0.447094
1 0.236585 0.419134 0.469512 0.149123
1 0.247866 0.324013 0.272561 0.045504
1 0.487805 0.361020 0.250000 0.115132
1 0.181402 0.545641 0.339634 0.112116
1 0.500915 0.516310 0.315244 0.166941
1 0.805183 0.516173 0.353049 0.166118
1 0.671951 0.420093 0.360976 0.033169
1 0.704878 0.393366 0.207317 0.026864
1 0.293902 0.647067 0.432927 0.100055
1 0.716159 0.646656 0.423780 0.101974
0 0.451829 0.675850 0.092683 0.026042
0 0.851220 0.676124 0.095122 0.026590
0 0.404878 0.467928 0.100000 0.031798
