0 0.322804 0.242183 0.076999 0.038013
0 0.613031 0.241263 0.071076 0.037400
0 0.412142 0.106070 0.072063 0.038013
0 0.552813 0.822502 0.031589 0.064378
1 0.301086 0.069589 0.339585 0.131821
1 0.213722 0.200184 0.328727 0.148988
1 0.521718 0.200184 0.293189 0.142857
1 0.159921 0.344880 0.232971 0.148988
1 0.371175 0.340895 0.207305 0.147149
1 0.572557 0.336297 0.203356 0.139178
1 0.205824 0.435929 0.326752 0.063765
1 0.516288 0.427652 0.292201 0.060699
1 0.320829 0.648682 0.367226 0.293072
1 0.171767 0.486511 0.213228 0.055794
1 0.348470 0.480993 0.232971 0.058246
1 0.640178 0.694972 0.303060 0.369712
1 0.849951 0.690987 0.286278 0.365420
2 0.524186 0.725628 0.951629 0.548743
